target_id	length	eff_length	est_counts	tpm
NM_001010975.1	1251	832.92	3346	298.54
NM_001011562.1	863	460.242	30	4.84413
NM_001011566.1	1503	1084.92	36	2.46596
NM_001011563.1	2084	1665.92	70	3.12266
NM_001011568.1	2077	1658.92	23	1.03035
NM_001011565.1	3023	2604.92	35.0801	1.0008
NM_001011570.1	582	245.18	2654	804.446
NM_001011567.1	4030	3611.92	72	1.48141
NM_001011572.1	2346	1927.92	4690	180.786
NM_001011574.1	1940	1521.92	12	0.585963
NM_001011571.1	2093	1674.92	0	0
NM_001011576.1	1195	776.92	4177	399.548
NM_001011573.1	3160	2741.92	557	15.0967
NM_001011579.1	1430	1011.92	768	56.4021
NM_001011575.1	2163	1744.92	669	28.4925
NM_001011581.1	2439	2020.92	75	2.75799
NM_001011578.1	5441	5022.92	11	0.162748
NM_001011580.1	1544	1125.92	28	1.84812
NM_001011585.1	1638	1219.92	1525	92.9007
NM_001011582.1	356	122.46	37	22.4538
NM_001011587.1	496	188.623	918	361.682
NM_001011584.1	1606	1187.92	0	0
NM_001011589.1	624	275.954	211	56.8233
NM_001011586.1	2205	1786.92	156	6.48784
NM_001011591.1	584	246.617	3	0.904022
NM_001011588.1	724	350.317	0	0
NM_001011593.1	548	221.701	6	2.01124
NM_001011590.1	574	239.741	2	0.619965
NM_001011595.1	2818	2399.92	442	13.6869
NM_001011592.1	1590	1171.92	2253	142.871
NM_001011597.1	2673	2254.92	633	20.8619
NM_001011594.1	4195	3776.92	60	1.18058
NM_001011599.1	1942	1523.92	25	1.21915
NM_001011596.1	4100	3681.92	94	1.89729
NM_001011601.1	1830	1411.92	1101	57.9506
NM_001011598.1	1624	1205.92	2	0.123251
NM_001011603.1	1683	1264.92	2906	170.731
NM_001011600.1	2052	1633.92	92	4.18444
NM_001011605.1	1448	1029.92	997	71.9403
NM_001011602.1	2795	2376.92	305	9.53599
NM_001011606.1	1757	1338.92	65	3.60777
NM_001011608.1	1873	1454.92	1013	51.7429
NM_001011612.1	304	98.1411	0	0
NM_001011613.1	710	339.519	0	0
NM_001011610.1	1612	1193.92	75	4.66838
NM_001011614.1	688	322.113	2	0.461427
NM_001011615.1	664	305.268	2	0.486888
NM_001011617.1	374	121.323	0	0
NM_001011618.1	523	205.728	0	0
NM_001011619.1	1559	1140.92	6	0.39082
NM_001011620.1	957	542.24	14	1.91874
NM_001011621.1	3254	2835.92	28.0031	0.733825
NM_001011622.1	1529	1110.92	0	0
NM_001011623.1	3376	2957.92	22	0.552735
NM_001011624.1	4969	4550.92	108	1.76362
NM_001011627.1	2520	2101.92	57	2.0153
NM_001011629.1	14440	14021.9	630.421	3.34121
NM_001011630.1	630	279.93	232553	61738.2
NM_001011631.1	1741	1322.92	18	1.01116
NM_001011633.1	1533	1114.92	115	7.6654
NM_001011635.1	1447	1028.92	8786	634.585
NM_001011636.1	570	236.993	973	305.111
NM_001011637.1	1369	950.92	0	0
NM_001011638.1	584	246.617	14	4.21877
NM_001011640.1	991	573.627	990	128.258
NM_001011641.1	970	554.138	1724	231.206
NM_001011643.1	2378	1959.92	4821	182.801
NM_001011577.1	2389	1970.92	987	37.2159
NM_001011650.1	2242	1823.92	46	1.87427
NM_001011634.2	3754	3335.92	66	1.47031
NM_001012429.1	672	310.978	47252	11292
NM_001012627.1	3153	2734.92	309	8.39642
NM_001012615.1	1097	678.92	1048	114.716
NM_001012962.1	3606	3187.92	180	4.1961
NM_001012963.1	502	192.447	23	8.8817
NM_001013006.1	2991	2572.92	59	1.70414
NM_001013361.1	4113	3694.92	21	0.422372
NM_001014429.1	1427	1008.92	63	4.64049
NM_001014430.1	438	154.523	79	37.9938
NM_001014983.1	3250	2831.92	24	0.629812
NM_001014991.1	7242	6823.92	432.865	4.7141
NM_001014993.1	1386	967.92	2383	182.964
NM_001014994.1	1892	1473.92	1215	61.2608
NM_001024697.1	1793	1374.92	0	0
NM_001032361.1	3585	3166.92	226	5.30337
NM_001039968.1	1349	930.92	35	2.79406
NM_001040231.1	363	125.136	0	0
NM_001040233.1	1647	1228.92	15	0.907085
NM_001040230.1	13107	12688.9	942	5.51705
NM_001040234.1	1500	1081.92	1.1212	0.0770137
NM_001040208.1	582	245.18	0	0
NM_001040204.1	793	402.432	6311	1165.43
NM_001040203.1	644	290.379	2403	614.992
NM_001040205.1	698	329.794	0	0
NM_001040207.1	1179	760.92	26	2.5393
NM_001040206.1	682	317.884	2	0.467565
NM_001040220.1	483	180.914	0	0
NM_001040221.1	459	166.581	0	0
NM_001040209.1	588	249.412	0	0
NM_001040224.1	399	135.277	0	0
NM_001040229.1	453	163.04	0	0
NM_001040223.1	555	226.445	0	0
NM_001040227.1	724	350.317	0	0
NM_001040225.1	407	139.422	1	0.533027
NM_001040226.1	432	151.707	12	5.87836
NM_001040236.1	1767	1348.92	534	29.4195
NM_001040267.1	1895	1476.92	2865	144.161
NM_001040255.1	1893	1474.92	212	10.6819
NM_001040257.1	1554	1135.92	104	6.80403
NM_001040258.1	1250	831.92	525.3	46.9252
NM_001040265.1	1689	1270.92	62	3.62538
NM_001040263.1	1550	1131.92	382	25.08
NM_001040256.1	767	383.205	77	14.9328
NM_001040259.1	1743	1324.92	0	0
NM_001040264.1	1600	1181.92	0	0
NM_001040270.1	509	196.748	0	0
NM_001040269.1	1397	978.92	1490.98	113.19
NM_001040277.1	2150	1731.92	236	10.1266
NM_001040681.1	2499	2080.92	164	5.85691
NM_001042458.1	1737	1318.92	762	42.9355
NM_001042460.1	1794	1375.92	341	18.418
NM_001077809.1	1344	925.92	4186	335.974
NM_001077808.1	5328	4909.92	88	1.33195
NM_001077812.1	1470	1051.92	149	10.5265
NM_001077811.1	1287	868.92	65	5.55922
NM_001077810.1	354	121.515	754	461.127
NM_001077813.1	3226	2807.92	137	3.6259
NM_001077815.1	1855	1436.92	184	9.51625
NM_001077814.1	387	128.168	3	1.7395
NM_001077816.1	1530	1111.92	36	2.40608
NM_001077818.1	1707	1288.92	17	0.980174
NM_001077817.1	1194	775.92	6	0.574665
NM_001077819.1	378	123.328	752	453.146
NM_001077820.1	351	120.119	8	4.94948
NM_001077822.1	1533	1114.92	88	5.86569
NM_001077824.1	1842	1423.92	100	5.21909
NM_001077821.1	4097	3678.92	423	8.54477
NM_001077825.1	1158	739.92	702	70.5071
NM_001078661.1	315	103.748	23	16.4751
NM_001079561.1	1701	1282.92	146	8.45734
NM_001079560.1	1607	1188.92	371	23.1901
NM_001080110.1	2703	2284.92	46.3529	1.5076
NM_001080095.1	1590	1171.92	55	3.48775
NM_001080094.2	2123	1704.92	17	0.741012
NM_001080205.1	2713	2294.92	136	4.40405
NM_001083630.1	1713	1294.92	119	6.82943
NM_001085344.1	515	200.331	0	0
NM_001085345.1	1491	1072.92	3	0.207795
NM_001085346.1	509	196.748	10	3.77719
NM_001040266.2	1599	1180.92	100	6.29303
NM_001011626.2	755	374.288	509	101.063
NM_001040235.2	6077	5658.92	132	1.73349
NM_001098232.1	1146	727.92	1	0.102093
NM_001098218.1	2148	1729.92	12	0.515508
NM_001098220.1	1806	1387.92	27	1.44571
NM_001040262.2	438	154.523	14	6.73308
NM_001098217.1	2187	1768.92	0	0
NM_001098219.1	2139	1720.92	12	0.518204
NM_001098234.1	462	168.407	5	2.20643
NM_001098228.1	1286	867.92	1	0.085625
NM_001098214.1	1863	1444.92	330	16.9727
NM_001098229.1	1284	865.92	56	4.80608
NM_001098221.1	1763	1344.92	46	2.5418
NM_001098223.1	1436	1017.92	12	0.876089
NR_003565.1	7091	6672.92	235.834	2.62646
NR_003566.1	6861	6442.92	6485	74.801
NR_003567.1	17525	17106.9	365	1.58563
NM_001077823.2	516	200.959	340	125.734
NM_001098717.1	2199	1780.92	0	0
NM_001101023.1	3033	2614.92	31	0.881016
NM_001104949.1	3122	2703.92	26.0019	0.714647
NM_001110764.1	2606	2187.92	3	0.101899
NM_001111255.1	2504	2085.92	225	8.01614
NM_001112670.1	3330	2911.92	108	2.75629
NM_001112671.1	3001	2582.92	1505	43.3018
NM_001113285.1	2779	2360.92	43	1.35353
NM_001113739.1	1509	1090.92	108	7.35718
NM_001114188.1	1950	1531.92	0	0
NM_001114198.1	730	354.929	6.76972	1.41746
NM_001126244.1	1674	1255.92	0	0
NM_001131037.1	1164	745.92	32	3.18815
NM_001131038.1	2722	2303.92	96	3.09659
NM_001134227.1	1704	1285.92	36	2.08051
NM_001134333.1	282	87.1732	31	26.4277
NM_001134371.1	591	251.577	2217	654.899
NM_001134722.1	105	21.7217	23	78.6891
NM_001134668.1	2541	2122.92	132	4.62084
NM_001134669.1	584	246.617	29	8.73888
NM_001134828.1	1495	1076.92	1010.6	69.739
NM_001134934.1	3281	2862.92	1986	51.5526
NM_001134940.1	1464	1045.92	15	1.06579
NM_001134942.1	1621	1202.92	292	18.0396
NM_001134943.1	1434	1015.92	0	0
NM_001134947.1	1760	1341.92	0	0
NM_001134948.1	3181	2762.92	2642	71.0632
NM_001134949.1	3346	2927.92	140	3.55344
NM_001134950.1	2295	1876.92	1770	70.0822
NM_001011644.2	1200	781.92	0	0
NM_001135735.1	1032	613.92	781	94.5409
NM_001135905.1	488	183.838	1327	536.433
NM_001135909.1	320	106.321	3239	2263.97
NM_001136187.1	614	268.673	6907	1910.5
NM_001136206.1	1002	583.92	111	14.127
NM_001136207.1	930	518.561	0	0
NM_001136208.1	1008	589.92	0	0
NM_001136209.1	1029	610.92	8	0.973164
NM_001141964.1	2248	1829.92	71	2.88341
NM_001142436.1	1295	876.92	412	34.9155
NM_001142461.1	824	427.578	438	76.1271
NM_001142561.1	1943	1524.92	43	2.09557
NM_001142609.1	1671	1252.92	9	0.533826
NM_001142637.1	999	580.92	7	0.895493
NM_001142607.1	642	288.849	0	0
NM_001142693.1	1386	967.92	263	20.1928
NM_001112672.2	1701	1282.92	711	41.1861
NM_001143921.1	2102	1683.92	2	0.0882651
NM_001145738.1	2787	2368.92	48	1.50581
NM_001145739.1	2553	2134.92	9	0.313286
NM_001145736.1	2424	2005.92	17	0.629819
NM_001145737.1	2433	2014.92	22	0.811419
NM_001145740.1	3633	3214.92	112	2.58898
NM_001159303.1	1404	985.92	336	25.3267
NM_001098215.2	2635	2216.92	65	2.17893
NM_001160048.1	2747	2328.92	519	16.5613
NM_001160050.1	2417	1998.92	44593	1657.87
NM_001160052.1	2920	2501.92	1606.74	47.7258
NM_001160064.1	2844	2425.92	1993	61.0536
NM_001160072.1	2237	1818.92	1333	54.4624
NM_001160270.1	698	329.794	937	211.143
NM_001161787.1	927	516.006	14375	2070.3
NM_001161831.1	683	318.521	6636	1548.28
NM_001162398.1	165	36.2502	170	348.513
NM_001162513.1	4073	3654.92	29.0355	0.59038
NM_001162516.1	1758	1339.92	583	32.3348
NM_001163463.1	481	179.553	896	370.848
NM_001163715.1	854	452.677	1944	319.145
NM_001163716.1	900	492.419	1912	288.558
NM_001163717.1	2152	1733.92	200	8.57198
NM_001011616.2	680	316.494	45	10.5664
NM_001163712.1	1155	736.92	25	2.52116
NM_001163714.1	1566	1147.92	321	20.7814
NM_001110712.2	754	373.491	3	0.596927
NM_001164008.1	2209	1790.92	1	0.0414958
NM_001164810.1	871	467.258	1145	182.108
NM_001164809.1	503	193.063	179	68.9023
NM_001165906.1	3754	3335.92	3266.43	72.7676
NM_001165905.1	6135	5716.92	289	3.75678
NM_001165904.1	5715	5296.92	450	6.31349
NM_001167709.1	732	356.507	72	15.0088
NM_001167720.1	599	257.382	67	19.3454
NM_001167836.1	1455	1036.92	78	5.59023
NM_001167893.1	1135	716.92	6	0.621958
NR_031508.1	87	16.5536	0	0
NR_031509.1	83	15.9861	0	0
NR_031510.1	77	14.1436	0	0
NR_031511.1	107	22.4167	0	0
NR_031512.1	89	17.1246	0	0
NR_031513.1	92	17.85	0	0
NR_031514.1	85	16.3107	0	0
NR_031515.1	102	21.3608	0	0
NR_031516.1	91	17.524	0	0
NR_031517.1	84	16.0863	1	4.61981
NR_031518.1	84	16.0863	0	0
NR_031519.1	92	17.85	0	0
NR_031520.1	103	21.384	0	0
NR_031521.1	92	17.85	0	0
NR_031522.1	89	17.1246	0	0
NR_031523.1	84	16.0863	0	0
NR_031524.1	90	17.3571	0	0
NR_031525.1	82	15.639	0	0
NR_031526.1	90	17.3571	1	4.28156
NR_031527.1	87	16.5536	0	0
NR_031528.1	85	16.3107	0	0
NR_031529.1	87	16.5536	0	0
NR_031530.1	92	17.85	0	0
NR_031531.1	85	16.3107	0	0
NM_001168336.1	1053	634.92	99	11.5877
NM_001168425.1	1144	725.92	5333	545.963
NM_001168700.1	993	575.447	0	0
NM_001011639.2	1806	1387.92	824	44.1208
NM_001170972.1	1128	709.92	1318	137.971
NM_001170973.1	1131	712.92	7784	811.414
NM_001170974.1	1454	1035.92	9157	656.912
NM_001171051.1	4101	3682.92	6	0.121071
NM_001171108.1	1209	790.92	32	3.00675
NM_001172378.1	1201	782.92	181.99	17.2747
NM_001172379.1	1114	695.92	43	4.59187
NM_001172389.1	1026	607.92	96	11.7356
NM_001172403.1	1330	911.92	1157.34	94.3159
NM_001172404.1	2427	2008.92	1214	44.9093
NM_001172405.1	228	65.479	16255	18448.7
NM_001172406.1	908	499.492	178.66	26.5814
NM_001172718.1	2641	2222.92	1784.29	59.6514
NM_001011628.2	1386	967.92	1690	129.756
NM_001174139.1	720	347.163	0	0
NM_001174140.1	599	257.382	0	0
NM_001174141.1	1037	618.92	0	0
NM_001174142.1	773	387.96	0	0
NM_001174143.1	884	478.517	962	149.403
NM_001174144.1	534	212.617	0	0
NM_001174145.1	871	467.258	0	0
NM_001177903.1	404	137.987	83	44.7014
NM_001177490.1	1091	672.92	1117	123.359
NM_001178021.1	842	442.396	10328	1734.94
NM_001178023.1	1095	676.92	356	39.0835
NM_001178025.1	2265	1846.92	729	29.3332
NM_001178028.1	1029	610.92	24	2.91949
NM_001178047.1	1538	1119.92	970	64.3673
NM_001178027.1	830	432.602	3792	651.419
NM_001178048.1	1331	912.92	511	41.5976
NM_001178067.1	626	277.045	1782	478.01
NM_001178069.1	1627	1208.92	137	8.42177
NM_001011611.2	369	118.803	0	0
NM_001185079.1	3029	2610.92	52.5	1.49433
NM_001185086.1	3029	2610.92	52.5	1.49433
NM_001185105.1	3075	2656.92	681	19.048
NM_001161709.2	856	454.414	2445	399.86
NM_001185144.1	565	233.438	4471	1423.36
NM_001185145.1	1666	1247.92	2817	167.757
NM_001190421.1	2277	1858.92	6	0.239867
NM_001190814.1	460	167.15	23096	10268.6
NM_001190921.1	1401	982.92	30	2.26821
NM_001190920.1	1626	1207.92	49	3.01466
NM_001193290.1	1551	1132.92	48	3.14864
NR_034281.1	100	20.501	1	3.62499
NR_034283.1	100	20.501	0	0
NR_034284.1	100	20.501	0	0
NR_034285.1	100	20.501	2	7.24997
NR_034286.1	100	20.501	9	32.6249
NR_034287.1	100	20.501	4	14.4999
NR_034288.1	100	20.501	1	3.62499
NR_034289.1	100	20.501	0	0
NR_034290.1	100	20.501	0	0
NR_034291.1	100	20.501	0	0
NR_034292.1	100	20.501	0	0
NR_034293.1	100	20.501	0	0
NR_034294.1	100	20.501	2	7.24997
NR_034295.1	100	20.501	0	0
NR_034296.1	100	20.501	1	3.62499
NR_034297.1	100	20.501	0	0
NR_034298.1	100	20.501	0	0
NR_034299.1	100	20.501	0	0
NR_034300.1	100	20.501	0	0
NR_034301.1	100	20.501	0	0
NR_034302.1	100	20.501	0	0
NR_034303.1	100	20.501	0	0
NR_034304.1	100	20.501	0	0
NR_034305.1	100	20.501	2	7.24997
NR_034306.1	100	20.501	1	3.62499
NR_034307.1	79	14.5867	0	0
NR_034308.1	91	17.524	1	4.24079
NR_034309.1	91	17.524	0	0
NR_034312.1	85	16.3107	0	0
NR_034313.1	91	17.524	0	0
NR_034314.1	62	11.9203	0	0
NR_034315.1	94	18.2363	0	0
NR_034316.1	89	17.1246	0	0
NR_034317.1	89	17.1246	0	0
NM_001013359.2	1964	1545.92	21	1.00951
NM_001202460.1	1962	1543.92	28	1.34776
NM_001204249.1	2202	1783.92	3	0.124976
NM_001204751.1	3810	3391.92	172	3.76845
NM_001205062.1	1790	1371.92	3	0.162507
NR_034310.1	94	18.2363	0	0
NR_034280.1	83	15.9861	0	0
NR_034282.1	100	20.501	0	0
NM_001205223.1	2006	1587.92	196	9.17293
NM_001160405.2	2980	2561.92	1033	29.9651
NM_001206467.1	2688	2269.92	150.5	4.92727
NM_001206466.1	2688	2269.92	150.5	4.92727
NM_001206970.1	1154	735.92	84	8.4826
NM_001206969.1	2536	2117.92	70	2.45623
NM_001206973.1	2299	1880.92	549	21.6911
NM_001214904.1	3024	2605.92	294	8.3843
NM_001220486.1	2644	2225.92	55	1.83626
NM_001220487.1	2747	2328.92	48	1.53168
NM_001242386.1	3284	2865.92	51	1.32247
NM_001242387.1	7402	6983.92	109	1.15987
NM_001242432.1	2433	2014.92	7	0.258179
NM_001242433.1	2514	2095.92	1503	53.2923
NM_001242434.1	1729	1310.92	51	2.89118
NM_001242435.1	3041	2622.92	397	11.2483
NM_001242436.1	2828	2409.92	298	9.18955
NM_001242431.1	1343	924.92	422	33.9069
NM_001242440.1	1971	1552.92	167.5	8.01579
NM_001242441.1	1971	1552.92	167.5	8.01579
NM_001242456.1	2803	2384.92	47	1.46455
NM_001242457.1	535	213.245	499	173.901
NM_001242458.1	3602	3183.92	1121	26.1652
NM_001242465.1	1635	1216.92	41.0671	2.50791
NM_001242467.1	1154	735.92	828	83.6142
NM_001242468.1	2560	2141.92	296	10.27
NM_001242469.1	571	237.713	14371	4492.78
NM_001242542.1	1798	1379.92	159	8.56295
NM_001242544.1	937	524.46	6552	928.414
NM_001242554.1	1848	1429.92	414	21.5164
NM_001242555.1	2075	1656.92	1250	56.0646
NM_001242556.1	1877	1458.92	477	24.2978
NM_001242557.1	1847	1428.92	0	0
NM_001242513.1	1263	844.92	2153	189.369
NM_001242514.1	1790	1371.92	1654	89.5957
NM_001242515.1	3238	2819.92	195	5.139
NM_001242517.1	2333	1914.92	304	11.7979
NM_001242518.1	5170	4751.92	186	2.90887
NM_001242519.1	1741	1322.92	2605	146.337
NM_001242520.1	1212	793.92	351	32.8557
NM_001242522.1	2268	1849.92	156	6.26689
NM_001242523.1	2658	2239.92	192	6.37014
NM_001242526.1	2334	1915.92	4848	188.047
NM_001242527.1	1268	849.92	1775	155.203
NM_001242574.1	10144	9725.92	919	7.02207
NM_001242577.1	1283	864.92	161	13.8334
NM_001242578.1	1330	911.92	81	6.60098
NM_001242579.1	1701	1282.92	2806	162.543
NM_001242576.1	2969	2550.92	326	9.49732
NM_001242656.1	1337	918.92	4261	344.599
NR_039428.1	108	22.8108	0	0
NR_039429.1	138	24.3419	0	0
NR_039430.1	119	24.4922	0	0
NR_039431.1	133	21.9997	0	0
NR_039432.1	107	22.4167	0	0
NR_039433.1	93	18.1044	3	12.3145
NR_039434.1	88	16.8925	0	0
NR_039435.1	115	23.7235	0	0
NR_039437.1	67	12.8557	0	0
NR_039438.1	101	20.9479	0	0
NR_039439.1	115	23.7235	0	0
NR_039440.1	90	17.3571	0	0
NR_039441.1	126	26.8184	0	0
NR_039442.1	140	25.1746	0	0
NR_039443.1	137	23.8319	0	0
NR_039444.1	108	22.8108	0	0
NR_039445.1	112	23.9247	4	12.4249
NR_039446.1	129	27.1163	0	0
NR_039447.1	87	16.5536	0	0
NR_039448.1	111	23.7189	0	0
NR_039449.1	136	23.3159	0	0
NR_039450.1	120	24.7373	0	0
NR_039451.1	129	27.1163	0	0
NR_039452.1	80	14.7076	0	0
NR_039453.1	135	22.9688	1	3.2355
NR_039454.1	92	17.85	23815	99150
NR_039457.1	121	25.1421	4	11.8233
NR_039458.1	140	25.1746	37	109.224
NR_039460.1	135	22.9688	0	0
NR_039461.1	125	26.4634	0	0
NR_039462.1	88	16.8925	0	0
NR_039463.1	108	22.8108	0	0
NR_039464.1	127	26.9031	5	13.8117
NR_039465.1	93	18.1044	0	0
NR_039466.1	105	21.7217	1	3.42127
NR_039467.1	69	13.424	0	0
NR_039468.1	96	18.7068	0	0
NR_039469.1	86	16.5605	1	4.48753
NR_039470.1	122	25.4959	2	5.82961
NR_039471.1	129	27.1163	0	0
NR_039472.1	126	26.8184	0	0
NR_039473.1	97	18.9177	0	0
NR_039474.1	125	26.4634	0	0
NR_039476.1	103	21.384	0	0
NR_039477.1	87	16.5536	0	0
NR_039478.1	114	23.5832	0	0
NR_039479.1	110	23.3568	0	0
NR_039480.1	135	22.9688	5	16.1775
NR_039481.1	118	24.3376	0	0
NR_039483.1	91	17.524	0	0
NR_039484.1	126	26.8184	0	0
NR_039485.1	104	21.6361	0	0
NR_039486.1	138	24.3419	0	0
NR_039487.1	113	23.6141	0	0
NR_039488.1	98	19.499	0	0
NR_039489.1	98	19.499	0	0
NR_039490.1	93	18.1044	0	0
NR_039491.1	127	26.9031	0	0
NR_039492.1	139	24.7114	0	0
NR_039493.1	125	26.4634	0	0
NR_039494.1	118	24.3376	0	0
NR_039495.1	137	23.8319	0	0
NR_039496.1	116	24.1142	0	0
NR_039497.1	81	15.1092	0	0
NR_039498.1	93	18.1044	0	0
NR_039499.1	127	26.9031	0	0
NR_039500.1	82	15.639	0	0
NR_039501.1	125	26.4634	3	8.42474
NR_039502.1	138	24.3419	0	0
NR_039503.1	99	20.0768	0	0
NR_039504.1	93	18.1044	0	0
NR_039505.1	83	15.9861	0	0
NR_039506.1	87	16.5536	0	0
NR_039507.1	114	23.5832	0	0
NR_039508.1	140	25.1746	0	0
NR_039509.1	109	23.1005	0	0
NR_039510.1	140	25.1746	0	0
NR_039511.1	128	27.2041	0	0
NR_039513.1	129	27.1163	5	13.7031
NR_039514.1	66	12.6374	0	0
NR_039515.1	119	24.4922	0	0
NR_039516.1	87	16.5536	0	0
NR_039517.1	96	18.7068	0	0
NR_039518.1	94	18.2363	1	4.07516
NR_039519.1	103	21.384	0	0
NR_039521.1	136	23.3159	0	0
NR_039522.1	103	21.384	0	0
NR_039523.1	73	13.8636	0	0
NR_039524.1	95	18.4602	0	0
NR_039525.1	107	22.4167	0	0
NR_039528.1	108	22.8108	0	0
NR_039530.1	135	22.9688	0	0
NR_039532.1	82	15.639	0	0
NR_039533.1	135	22.9688	1	3.2355
NR_039534.1	86	16.5605	0	0
NR_039535.1	136	23.3159	0	0
NM_001242958.1	1544	1125.92	2	0.132009
NM_001242959.1	1418	999.92	1	0.0743216
NM_001242960.1	1536	1117.92	1	0.0664767
NM_001242961.1	1364	945.92	1	0.0785644
NM_001242962.1	1569	1150.92	10	0.645707
NM_001242963.1	1352	933.92	7	0.557017
NM_001242964.1	1388	969.92	0	0
NM_001242965.1	1354	935.92	0	0
NM_001242966.1	1269	850.92	22	1.92138
NM_001242967.1	1354	935.92	4	0.317616
NM_001242968.1	1396	977.92	2	0.151987
NM_001242969.1	1242	823.92	6	0.541186
NM_001242970.1	1355	936.92	14	1.11047
NM_001242971.1	1446	1027.92	24	1.73513
NM_001242972.1	1221	802.92	0	0
NM_001242973.1	1221	802.92	0	0
NM_001242975.1	1227	808.92	0	0
NM_001242976.1	1231	812.92	0	0
NM_001242977.1	1221	802.92	0	0
NM_001242978.1	1239	820.92	0	0
NM_001242980.1	1227	808.92	0	0
NM_001242981.1	1224	805.92	22	2.02867
NM_001242982.1	1230	811.92	0	0
NM_001242983.1	5482	5063.92	79	1.15937
NM_001242984.1	1194	775.92	0	0
NM_001242985.1	1293	874.92	0	0
NM_001242986.1	1226	807.92	2	0.183968
NM_001242988.1	1174	755.92	0	0
NM_001242987.1	1176	757.92	11	1.07857
NM_001242989.1	1203	784.92	0	0
NM_001242990.1	1092	673.92	0	0
NM_001242991.1	1092	673.92	0	0
NM_001242993.1	1574	1155.92	0	0
NM_001242994.1	1611	1192.92	0	0
NM_001242998.1	1492	1073.92	2	0.138401
NM_001242999.1	2663	2244.92	185	6.12423
NM_001242997.1	1195	776.92	150	14.3481
NM_001115078.1	2659	2240.92	4.00484	0.132813
NM_001040237.1	5107	4688.92	521	8.25744
NM_001037318.2	2515	2096.92	11	0.389844
NM_001191048.2	6581	6162.92	197	2.37553
NM_001246667.1	5073	4654.92	50	0.798249
NM_001252019.1	6272	5853.92	120.29	1.52708
NM_001252424.1	1575	1156.92	10.2386	0.657687
NM_001252426.1	1941	1522.92	0	0
NM_001252428.1	1113	694.92	1	0.106941
NM_001252430.1	1077	658.92	0	0
NM_001252432.1	1008	589.92	47	5.92087
NM_001256032.1	3561	3142.92	147	3.47588
NM_001256034.1	7969	7550.92	334	3.28721
NM_001256035.1	4018	3599.92	118	2.43596
NM_001256037.1	10767	10348.9	110	0.789911
NM_001256038.1	2047	1628.92	98	4.47102
NM_001256039.1	6033	5614.92	926	12.256
NM_001256040.1	10114	9695.92	386.729	2.96414
NR_048934.1	127	26.9031	0	0
NM_001265585.1	1302	883.92	239	20.094
NM_001270813.1	928	516.849	94	13.5159
NM_001270814.1	496	188.623	5	1.96995
NM_001270815.1	989	571.777	0	0
NM_001270817.1	773	387.96	0	0
NM_001270818.1	980	563.467	1	0.13189
NM_001270819.1	1615	1196.92	167	10.3689
NM_001270820.1	885	479.376	351	54.4141
NM_001270821.1	1558	1139.92	29	1.89062
NM_001270822.1	1840	1421.92	577	30.1565
NM_001270823.1	804	411.364	1	0.180657
NM_001270824.1	462	168.407	1	0.441287
NM_001270825.1	865	461.969	1	0.160867
NM_001270826.1	1183	764.92	0	0
NM_001270827.1	1201	782.92	6	0.569527
NM_001270828.1	976	559.657	0	0
NM_001270829.1	1181	762.92	0	0
NM_001270830.1	1123	704.92	35	3.68985
NM_001270831.1	750	370.27	30	6.0212
NM_001270832.1	765	381.674	22	4.28362
NM_001098224.2	1333	914.92	20	1.62453
NM_001011625.2	1940	1521.92	234	11.4263
NM_001097154.2	1766	1347.92	3574	197.047
NM_001011564.2	1326	907.92	29	2.37373
NM_001142656.2	710	339.519	5	1.09443
NM_001011632.2	2009	1590.92	213	9.94974
NM_001011583.2	635	283.496	12037	3155.38
NM_001011604.3	685	319.832	1397	324.605
NM_001123013.2	6157	5738.92	148	1.91651
NM_001276427.1	1431	1012.92	268	19.6626
NM_001277299.1	5618	5199.92	251	3.58722
NM_001277300.1	1954	1535.92	93	4.49982
NM_001277301.1	7263	6844.92	57	0.618852
NM_001278325.1	2201	1782.92	374	15.5891
NM_001278326.1	3007	2588.92	4307	123.634
NM_001278327.1	2360	1941.92	123	4.70711
NM_001278328.1	1954	1535.92	606	29.3214
NM_001278329.1	3778	3359.92	117.236	2.59307
NM_001278330.1	3672	3253.92	2693	61.5049
NM_001278332.1	505	194.198	973	372.347
NM_001278331.1	6994	6575.92	79	0.892793
NM_001278333.1	1754	1335.92	3192	177.567
NM_001278334.1	2023	1604.92	416	19.2628
NM_001278335.1	6666	6247.92	147	1.74849
NM_001278336.1	2762	2343.92	948	30.057
NM_001278338.1	2410	1991.92	1	0.0373086
NM_001278679.1	2847	2428.92	22	0.673116
NM_001278680.1	597	255.928	339	98.4378
NM_001278681.1	3437	3018.92	489	12.0375
NM_001278705.1	1379	960.92	193	14.9262
NM_001278706.1	1900	1481.92	4	0.200593
NM_001278707.1	2937	2518.92	1361	40.1536
XM_394141.4	2319	1900.92	199	7.77982
XM_006563213.1	1187	768.92	1553	150.097
XM_392138.5	1610	1191.92	97	6.04791
XM_001120151.3	1346	927.92	100	8.00885
XM_006570705.1	2723	2304.92	490	15.7987
XM_624412.4	1269	850.92	503	43.9298
XM_006571257.1	1648	1229.92	382	23.0817
XM_001121760.3	642	288.849	2140	550.584
XM_392973.5	1533	1114.92	885	58.9902
XM_003249399.2	991	573.627	340	44.0484
XM_397367.5	733	357.207	1859	386.758
XM_623195.3	3914	3495.92	185	3.9327
XM_006568810.1	1280	861.92	235	20.262
XM_623728.4	863	460.242	808	130.469
XM_624504.4	2110	1691.92	216	9.48756
XM_001119919.3	831	433.416	157	26.92
XM_006558404.1	1992	1573.92	271	12.7958
XM_006560965.1	564	232.722	499.817	159.608
XM_006557332.1	1230	811.92	559	51.1657
XM_396044.5	1541	1122.92	1417	93.7781
XM_394499.5	2809	2390.92	127	3.94747
XM_395145.5	514	199.717	447	166.331
XM_623970.3	2535	2116.92	237	8.32002
XM_392381.5	3203	2784.92	326	8.69932
XM_395986.5	2130	1711.92	192	8.33486
XM_006559899.1	594	253.673	2	0.585918
XM_006564070.1	2539	2120.92	198	6.93779
XM_001120173.3	591	251.577	509	150.358
XM_624817.4	1318	899.92	901	74.4049
XM_006559647.1	1309	890.92	1042	86.9179
XM_001122245.3	2185	1766.92	15	0.630892
XM_006564607.1	666	306.741	48	11.6292
XM_006564696.1	756	375.013	0	0
XM_392783.5	1382	963.92	365	28.1405
XM_006561678.1	2885	2466.92	212	6.38647
XM_006562859.1	564	232.722	2	0.638664
XM_006557420.1	2674	2255.92	275	9.05919
XM_006557452.1	1383	964.92	173	13.324
XM_395329.4	1206	787.92	275	25.9377
XM_003250847.2	1325	906.92	311	25.4842
XM_006565201.1	905	496.796	8191	1225.29
XM_393868.5	2051	1632.92	1323	60.2109
XM_624016.4	563	231.939	1930	618.393
XM_006558537.1	1242	823.92	32	2.88633
XM_624129.4	835	436.674	686	116.747
XM_006559278.1	884	478.517	0	0
XM_396960.5	1621	1202.92	3285	202.945
XM_006563724.1	789	399.325	342	63.6473
XM_393443.5	659	301.573	900	221.784
XM_006571924.1	417	143.505	11	5.69649
XM_006572178.1	5694	5275.92	3289	46.3283
NM_001289441.1	1284	865.92	2	0.171646
NR_127325.1	81	15.1092	3	14.7557
NR_127313.1	79	14.5867	0	0
NR_127335.1	71	13.2248	0	0
NR_127314.1	81	15.1092	0	0
NR_127339.1	85	16.3107	0	0
NR_127356.1	81	15.1092	6	29.5114
NR_127322.1	85	16.3107	1	4.55625
NR_127363.1	75	14.1012	0	0
NR_127312.1	88	16.8925	0	0
NR_127345.1	90	17.3571	0	0
NR_127315.1	79	14.5867	0	0
NR_127310.1	87	16.5536	1	4.4894
NR_127330.1	78	14.2289	0	0
NR_127306.1	88	16.8925	0	0
NR_127323.1	75	14.1012	0	0
NR_127305.1	70	13.0871	0	0
NR_127337.1	84	16.0863	0	0
NR_127348.1	75	14.1012	0	0
NR_127374.1	86	16.5605	1	4.48753
NR_127375.1	70	13.0871	2	11.3571
NR_127359.1	82	15.639	0	0
NR_127342.1	78	14.2289	345	1801.9
NR_127367.1	81	15.1092	0	0
NR_127349.1	86	16.5605	0	0
NR_127343.1	91	17.524	0	0
NR_127355.1	94	18.2363	2	8.15032
NR_127307.1	163	35.4499	0	0
NR_127329.1	89	17.1246	28	121.511
NR_127318.1	78	14.2289	0	0
NR_127346.1	94	18.2363	0	0
NR_127308.1	89	17.1246	0	0
NR_127354.1	82	15.639	1	4.75194
NR_127362.1	80	14.7076	16	80.8461
NR_127351.1	77	14.1436	0	0
NR_127332.1	75	14.1012	0	0
NR_127357.1	100	20.501	0	0
NR_127336.1	79	14.5867	0	0
NR_127361.1	94	18.2363	1	4.07516
NR_127311.1	75	14.1012	0	0
NR_127371.1	73	13.8636	2984	15995.7
NR_127350.1	83	15.9861	0	0
NR_127319.1	78	14.2289	0	0
NR_127338.1	73	13.8636	288	1543.82
NR_127347.1	85	16.3107	0	0
NR_127334.1	66	12.6374	9	52.9257
NR_127368.1	88	16.8925	0	0
NR_127303.1	68	13.3465	0	0
NR_127327.1	76	14.3246	0	0
NR_127309.1	88	16.8925	0	0
NR_127344.1	82	15.639	0	0
NR_127365.1	85	16.3107	838	3818.14
NR_127377.1	78	14.2289	0	0
NR_127366.1	81	15.1092	1	4.91857
NR_127369.1	78	14.2289	0	0
NR_127333.1	77	14.1436	2	10.5087
NR_127321.1	82	15.639	5	23.7597
NR_127316.1	79	14.5867	56	285.306
NR_127340.1	76	14.3246	16	83.0074
NR_127331.1	78	14.2289	0	0
NR_127320.1	82	15.639	0	0
NR_127376.1	89	17.1246	0	0
NR_127352.1	78	14.2289	1148	5995.87
NR_127341.1	84	16.0863	0	0
NR_127364.1	76	14.3246	14	72.6315
NR_127353.1	95	18.4602	0	0
NR_127370.1	79	14.5867	5	25.4738
NR_127304.1	80	14.7076	0	0
NR_127302.1	98	19.499	0	0
NR_127328.1	88	16.8925	559	2459.23
NR_127317.1	74	13.9575	0	0
NR_127324.1	95	18.4602	75	301.929
NR_127372.1	81	15.1092	0	0
NR_127360.1	81	15.1092	40	196.743
NR_127358.1	73	13.8636	0	0
NR_130407.1	85	16.3107	0	0
NR_130405.1	134	22.492	0	0
NR_130409.1	76	14.3246	0	0
NR_130406.1	71	13.2248	0	0
NR_130410.1	75	14.1012	1	5.27016
NR_130408.1	80	14.7076	0	0
NM_001305884.1	1870	1451.92	83	4.24831
NM_001314079.1	804	411.364	172	31.0729
NM_001318482.1	1108	689.92	58	6.24755
NM_001319269.1	1239	820.92	24	2.17266
NM_001319268.1	3782	3363.92	714	15.7737
XM_016917186.1	1065	646.92	4464	512.807
XM_625024.5	808	414.561	1232	220.853
XM_624808.5	1838	1419.92	127	6.64692
XM_001122617.4	962	546.891	171	23.2368
XM_003251791.3	2432	2013.92	10	0.36901
XM_623106.5	1009	590.92	680	85.5186
XM_003251802.3	2133	1714.92	555	24.0508
XM_006572005.2	2238	1819.92	399	16.293
XM_001122985.4	1396	977.92	163	12.387
XM_001123223.4	1038	619.92	552	66.1735
XM_006572121.2	1202	783.92	0	0
XM_625272.5	2264	1845.92	351	14.1311
XM_006572153.2	4226	3807.92	48	0.936772
XM_392703.6	2439	2020.92	123	4.5231
XM_623807.5	1081	662.92	1842	206.495
XM_624319.5	1842	1423.92	3	0.156573
XM_001120690.4	826	429.287	518	89.6731
XM_396187.6	2059	1640.92	359	16.2588
XM_392114.6	1453	1034.92	212	15.2233
XM_394153.6	743	364.875	1754	357.245
XM_397334.6	3201	2782.92	160	4.27267
XM_623718.5	1245	826.92	164	14.7388
XM_006570730.2	876	471.686	22	3.46617
XM_006571188.2	2350	1931.92	549	21.1185
XM_396791.5	2135	1716.92	42	1.81794
XM_395653.6	1745	1326.92	383	21.4504
XM_001120086.4	952	537.695	1653	228.464
XM_006568602.2	1739	1320.92	891	50.1281
XM_392651.6	1711	1292.92	6832	392.696
XM_393377.6	2428	2009.92	112	4.14114
XM_394227.6	1564	1145.92	6	0.389114
XM_003249533.3	2883	2464.92	91	2.74359
XM_006557354.2	3327	2908.92	712	18.1898
XM_624564.5	2025	1606.92	35	1.61865
XM_006571116.2	976	559.657	431	57.2316
XR_001705202.1	520	203.712	1	0.364807
XM_625036.5	1547	1128.92	956	62.9325
XM_393232.6	1718	1299.92	79	4.51638
XM_624748.5	3768	3349.92	70	1.5529
XM_395605.6	1285	866.92	715	61.2925
XM_006569538.2	3144	2725.92	184	5.01632
XM_623600.5	3634	3215.92	346	7.9956
XM_393417.6	884	478.517	953	148.005
XM_006570609.2	1731	1312.92	290	16.415
XM_392160.6	1767	1348.92	357	19.6681
XM_016917677.1	1156	737.92	568	57.2031
XM_006571633.2	766	382.457	639	124.165
XM_006568570.2	1504	1085.92	260	17.7933
XM_397474.6	1287	868.92	1313	112.296
XM_001122063.4	563	231.939	1501	480.936
XM_623503.5	656	299.4	2423	601.425
XM_001122830.4	1643	1224.92	196	11.8913
XM_016917851.1	692	325.206	0	0
XM_392639.6	2047	1628.92	4148	189.243
XM_393567.6	1704	1285.92	1398	80.793
XM_001122973.4	1384	965.92	2306	177.418
XM_016917876.1	2216	1797.92	146	6.0348
XM_003251680.3	2708	2289.92	224	7.26956
XM_006558609.2	940	527.148	934	131.672
XM_624322.5	1331	912.92	263	21.4093
XM_006571120.2	1888	1469.92	174	8.79703
XM_006568128.2	1799	1380.92	276	14.8532
XM_623810.5	765	381.674	2760	537.4
XM_006561926.2	583	245.933	1354	409.15
XM_623553.4	744	365.655	506	102.839
XM_393421.5	597	255.928	2329	676.288
XM_016917951.1	805	412.158	0	0
XM_001120479.4	613	267.942	640	177.509
XM_016914231.1	387	128.168	52	30.1513
XM_624369.5	1274	855.92	89	7.72747
XM_624250.4	1693	1274.92	565	32.9341
XM_003250026.3	869	465.546	363	57.9462
XM_396365.4	1143	724.92	190	19.478
XM_393411.6	1971	1552.92	1324	63.3606
XM_006565975.2	1871	1452.92	270	13.8103
XM_623669.4	1898	1479.92	490	24.6058
XM_003251294.3	675	313.081	887	210.546
XM_006569135.2	889	482.694	133	20.4767
XM_393691.6	1970	1551.92	243	11.6364
XM_006562867.2	962	546.891	169	22.965
XM_394840.6	1961	1542.92	485	23.3603
XM_393148.6	4326	3907.92	144	2.7384
XM_001121736.4	4518	4099.92	129	2.33827
XM_623978.5	862	459.389	3432	555.196
XM_624150.5	3191	2772.92	319	8.54936
XM_395048.6	3858	3439.92	405	8.74958
XM_395252.6	2781	2362.92	1234	38.8103
XM_623213.5	2743	2324.92	693	22.1516
XM_395789.6	698	329.794	1965	442.793
XM_006566030.2	2951	2532.92	8	0.234719
XM_624522.5	1018	599.92	276	34.1898
XM_393166.6	974	557.776	1004	133.769
XM_001119907.4	1311	892.92	445	37.0363
XM_006562821.2	1281	862.92	4866	419.066
XM_006566767.2	1253	834.92	865	76.9931
XM_016914690.1	368	118.4	13	8.15964
XM_624834.5	1323	904.92	2934	240.952
XM_395618.6	2423	2004.92	238	8.82186
XM_397549.6	2366	1947.92	134	5.11227
XM_001121911.4	1180	761.92	291	28.3834
XM_396873.6	1816	1397.92	245	13.0246
XR_001704778.1	486	182.626	0	0
XM_392676.6	3250	2831.92	210	5.51085
XM_395512.6	6201	5782.92	1104	14.1874
XM_006566606.2	1511	1092.92	314	21.3512
XM_396284.6	3842	3423.92	29	0.629441
XM_006566266.2	2875	2456.92	80	2.4198
XR_001704952.1	608	264.21	2	0.562549
XM_003250404.3	653	297.25	124	31.0013
XM_006557464.2	1514	1095.92	150	10.1717
XM_396781.6	1928	1509.92	346	17.0295
XM_001122522.4	2269	1850.92	739	29.6713
XM_397381.6	3201	2782.92	82	2.18975
XM_623510.5	1584	1165.92	234	14.9151
XM_393468.6	819	423.384	767	134.63
XM_016915220.1	761	378.417	224	43.9903
XM_393856.6	764	380.879	1136	221.652
XM_393743.6	2090	1671.92	261	11.6013
XM_016915261.1	533	211.945	7	2.45445
XM_003249071.3	1103	684.92	1171	127.057
XR_001705040.1	1430	1011.92	0	0
XM_016915306.1	1018	599.92	13	1.61039
XM_397266.6	1273	854.92	498	43.2897
XM_006563314.2	826	429.287	0	0
XM_001120854.4	905	496.796	46	6.88114
XM_624683.4	912	502.728	94	13.8955
XM_003250835.3	756	375.013	8658	1715.74
XM_393875.4	1086	667.92	1431	159.219
XM_625075.5	1091	672.92	329	36.334
XM_397171.6	3678	3259.92	71	1.61857
XM_391940.6	2905	2486.92	591	17.6606
XM_001121859.4	1179	760.92	152	14.8452
XM_006566930.2	577	241.717	255	78.3996
XM_003250545.3	1123	704.92	213	22.4554
XM_395582.6	1762	1343.92	502	27.7594
XM_006559267.2	1438	1019.92	1002	73.0099
XM_393835.6	1319	900.92	299	24.6641
XM_394982.6	1006	587.92	32	4.04494
XM_393446.6	1672	1253.92	428	25.3661
XM_006566923.2	1815	1396.92	454	24.1526
XM_393874.5	1449	1030.92	234	16.8683
XM_396894.6	1802	1383.92	324	17.3986
XM_396712.6	3432	3013.92	82	2.02191
XR_001705342.1	340	115.802	0	0
XM_624127.5	2082	1663.92	15	0.669945
XM_393939.6	1209	790.92	145	13.6244
XM_001120619.4	1852	1433.92	86	4.45712
XM_006568039.2	2114	1695.92	761	33.3472
XM_006565013.2	2320	1901.92	0	0
XM_395310.6	1400	981.92	324	24.5216
XM_006557806.2	638	285.745	2394	622.625
XM_391963.6	2183	1764.92	268	11.2847
XM_393949.6	931	519.476	739	105.721
XM_393943.6	1737	1318.92	55	3.09902
XM_003249611.3	598	256.687	0	0
XM_392041.6	4251	3832.92	108	2.09399
XM_006564820.2	1118	699.92	1454	154.382
XM_624097.5	3313	2894.92	361	9.26725
XM_003249618.3	1939	1520.92	200	9.77246
XM_394968.6	2178	1759.92	68	2.87142
XM_006564896.2	1287	868.92	83	7.0987
XM_624466.5	1197	778.92	594	56.6727
XM_391996.6	2253	1834.92	124	5.0221
XM_006564840.2	1600	1181.92	320	20.1207
XR_408654.2	2508	2089.92	2	0.0711182
XM_006564852.2	1169	750.92	725	71.7505
XM_392037.6	811	416.845	764	136.207
XR_410083.2	546	220.392	3	1.01159
XM_006563065.2	1681	1262.92	383	22.5374
XM_396879.6	1535	1116.92	285	18.9628
XM_394080.6	1553	1134.92	357	23.3767
XM_003250236.3	2382	1963.92	96	3.63269
XM_006563506.2	4522	4103.92	188	3.40439
XM_397399.5	1703	1284.92	191	11.0468
XR_001705668.1	145	27.7586	0	0
XM_016916592.1	620	273.062	5	1.36078
XM_006563447.2	1339	920.92	138	11.1362
XM_016916642.1	347	118.81	4.17397	2.61083
XM_016916650.1	1529	1110.92	253	16.9246
XM_003250250.3	1004	585.92	0	0
XM_623515.5	1161	742.92	554	55.4177
XM_624109.5	1952	1533.92	827	40.0667
XM_006563637.2	1210	791.92	2122	199.134
XM_006559200.2	1701	1282.92	584	33.8294
XM_392088.6	2051	1632.92	218	9.92138
XM_624350.5	1193	774.92	1318	126.398
XM_001122030.4	683	318.521	1794	418.566
XM_624843.5	1460	1041.92	24022	1713.39
XM_624099.5	1344	925.92	812	65.1723
XM_623435.5	1939	1520.92	1258	61.4688
XM_006559399.2	1167	748.92	482	47.8291
XM_392104.6	1943	1524.92	835	40.693
XM_395046.6	3978	3559.92	551	11.5025
XM_016917043.1	2854	2435.92	136	4.14912
XM_016917075.1	875	470.819	3008	474.793
XR_001705935.1	422	145.911	65	33.1059
XM_624909.5	1540	1121.92	126	8.34621
XM_397330.6	1832	1413.92	1180	62.0208
XM_006557732.2	1950	1531.92	169	8.19844
XM_395047.6	1573	1154.92	3073	197.738
XM_001122652.4	4077	3658.92	21	0.426527
XM_623502.5	663	304.569	931	227.167
XM_393027.6	1424	1005.92	1404	103.725
XR_001705998.1	2435	2016.92	6	0.221077
XR_408323.2	915	505.293	0	0
XM_003250717.3	1848	1429.92	2	0.103944
XM_392205.6	2135	1716.92	138	5.97323
XM_006568959.2	1965	1546.92	39	1.8736
XM_003251233.3	794	403.267	1841	339.267
XM_624968.5	1103	684.92	716	77.6879
XM_623193.5	2488	2069.92	124	4.45193
XM_394284.5	2139	1720.92	172	7.42759
XR_001702102.1	1487	1068.92	0	0
XM_006559121.2	1356	937.92	1057	83.7509
XR_001702108.1	646	291.924	35	8.91001
XR_001702109.1	1088	669.92	0	0
XM_016910739.1	945	531.521	523	73.1242
XM_392613.6	1196	777.92	185	17.6733
XM_392209.6	853	451.846	1380	226.97
XM_006568201.2	764	380.879	0	0
XM_623194.5	2879	2460.92	460	13.8912
XM_624258.5	1604	1185.92	438	27.4473
XM_392968.5	8199	7780.92	303	2.89396
XM_006559075.2	3053	2634.92	39	1.09996
XM_006565921.2	2048	1629.92	278	12.6753
XM_006559105.2	700	331.371	512	114.825
XM_393613.6	1386	967.92	2180	167.378
XM_006568998.2	1471	1052.92	1068	75.38
XM_395543.6	2559	2140.92	485	16.8353
XM_624695.5	2597	2178.92	0	0
XM_396615.6	1316	897.92	5079	420.36
XM_001120137.4	1141	722.92	2842	292.156
XM_394360.4	2455	2036.92	3	0.109453
XM_397149.5	1168	749.92	356	35.2789
XM_624045.5	1445	1026.92	842	60.9335
XM_395325.6	2418	1999.92	472	17.5392
XR_411631.2	2257	1838.92	74	2.99054
XR_001702340.1	327	109.385	4	2.71759
XM_395640.5	1803	1384.92	12	0.643928
XM_003251107.3	916	506.145	3685	541.057
XM_392921.6	910	501.155	917	135.981
XM_016911252.1	10371	9952.92	122	0.91094
XM_623453.4	1931	1512.92	499	24.5112
XR_411463.2	688	322.113	15	3.4607
XM_624947.5	3092	2673.92	1082	30.0718
XM_001121891.4	818	422.467	399	70.1877
XM_625177.4	861	458.561	1389	225.105
XM_395979.6	1977	1558.92	722	34.4186
XM_624302.5	1118	699.92	1390	147.587
XM_001120773.4	1503	1084.92	110	7.53486
XM_396320.4	1012	593.92	2646	331.087
XM_003249646.3	1904	1485.92	121	6.0516
XM_016911427.1	683	318.521	1	0.233315
XM_625250.4	804	411.364	332	59.978
XM_006564009.2	890	483.589	4892	751.78
XM_393495.6	2208	1789.92	292	12.1235
XM_016911439.1	4109	3690.92	66	1.32889
XM_006560867.2	3136	2717.92	876	23.9523
XM_623252.5	2579	2160.92	146	5.02105
XM_397097.6	1904	1485.92	371	18.5549
XM_006566777.2	920	509.753	36	5.24836
XM_392779.6	3043	2624.92	219	6.20024
XM_006569256.2	1590	1171.92	2	0.126827
XM_393514.6	1216	797.92	1841	171.465
XM_001121988.4	864	461.105	543	87.5145
XM_001119885.4	1045	626.92	195	23.1155
XM_624044.5	680	316.494	176	41.3264
XM_624995.5	1862	1443.92	131	6.74231
XM_001121600.4	2483	2064.92	109	3.92287
XM_016911672.1	2383	1964.92	139	5.25715
XM_001120521.4	606	262.694	1233	348.814
XM_393283.6	2244	1825.92	48	1.95362
XM_396588.6	823	426.728	1874	326.361
XM_001120958.4	1223	804.92	594	54.8421
XM_016911788.1	2536	2117.92	685	24.036
XM_016911794.1	1826	1407.92	540	28.5034
XM_006567170.2	888	481.804	513	79.1274
XM_016911837.1	1479	1060.92	331	23.186
XM_001120788.4	2735	2316.92	313	10.0395
XM_625211.5	2545	2126.92	86	3.00488
XM_001120545.4	775	389.621	6	1.14443
XM_623284.5	1560	1141.92	4760	309.779
XM_001123191.4	491	185.795	1404	561.583
XM_394484.6	4016	3597.92	1533	31.6644
XM_395386.6	3213	2794.92	282	7.49825
XM_003249332.3	2066	1647.92	482	21.7366
XM_395088.6	573	239.095	438	136.14
XM_016911950.1	910	501.155	346	51.3079
XM_624455.5	2866	2447.92	504	15.3008
XM_624161.5	1531	1112.92	999	66.7086
XM_003249333.3	1124	705.92	1351	142.226
XM_393373.6	2562	2143.92	346	11.9936
XM_006567863.2	1272	853.92	116.168	10.11
XM_395225.6	2960	2541.92	1162	33.9723
XM_001120653.4	573	239.095	1159	360.241
XM_006564170.2	867	463.713	2059	329.98
XM_001120311.4	1282	863.92	342	29.4193
XM_003251037.3	644	290.379	72	18.4267
XM_001121522.4	435	153.203	78	37.8363
XM_003250636.3	2893	2474.92	54	1.62149
XR_001702983.1	315	103.748	0	0
XM_394596.6	3165	2746.92	2179	58.9511
XM_624699.5	2428	2009.92	435	16.0839
XM_001120222.3	1658	1239.92	0	0
XM_006569959.2	1381	962.92	5395	416.372
XR_001703032.1	545	219.711	3	1.01473
XM_006562094.2	1231	812.92	2169	198.286
XM_016912343.1	2704	2285.92	123	3.99875
XM_393356.6	1567	1148.92	340	21.9922
XM_392364.6	939	526.281	1407	198.681
XM_396004.6	959	544.09	1872	255.691
XM_397368.6	2665	2246.92	327	10.8153
XM_006567749.2	3227	2808.92	119	3.14839
XM_624276.5	1745	1326.92	1182	66.1993
XM_006564781.2	900	492.419	1953	294.746
XM_393310.6	1263	844.92	1213	106.69
XM_624263.5	1758	1339.92	2769	153.576
XR_001703159.1	386	127.648	0	0
XM_395945.5	1347	928.92	43	3.4401
XM_392390.5	1301	882.92	632	53.1957
XM_395900.5	1278	859.92	251	21.6918
XM_623766.5	1769	1350.92	79	4.34588
XM_006562462.2	3505	3086.92	279	6.71675
XM_006570673.2	2496	2077.92	6027	215.552
XR_411141.2	1674	1255.92	0	0
XM_003251603.3	1823	1404.92	3	0.15869
XM_397316.5	755	374.288	7247	1438.91
XM_016912836.1	1128	709.92	291	30.4624
XM_001120416.4	3397	2978.92	331	8.25752
XM_006570689.2	1594	1175.92	213	13.4612
XM_016912842.1	2466	2047.92	21	0.762056
XM_003251520.3	1709	1290.92	6	0.345408
XM_006570953.2	637	284.998	6131	1598.71
XM_016912902.1	2096	1677.92	153	6.77642
XM_393438.6	1565	1146.92	1339	86.7617
XR_001703590.1	1423	1004.92	0	0
XM_003249586.3	516	200.959	0	0
XM_392478.6	1615	1196.92	1851	114.927
XM_394705.6	1141	722.92	339	34.849
XM_003251169.3	2241	1822.92	107	4.36211
XR_408233.2	928	516.849	23	3.30708
XR_410304.2	355	122.054	1	0.608874
XM_003250611.3	1372	953.92	120	9.34867
XR_001703731.1	2319	1900.92	3	0.117284
XM_001121924.4	784	395.143	2373	446.297
XM_623208.5	2858	2439.92	89	2.71078
XM_016913180.1	1432	1013.92	148	10.8477
XM_395378.6	2022	1603.92	52	2.40936
XM_395163.6	879	474.352	382	59.847
XM_623266.5	784	395.143	4952	931.337
XM_392437.6	930	518.561	13122	1880.53
XM_006560834.2	2751	2332.92	210	6.6896
XM_006568379.2	1355	936.92	88	6.98008
XM_006568364.2	847	446.694	325	54.0696
XM_001120174.4	1763	1344.92	8	0.442053
XM_006560156.2	942	528.935	10	1.405
XM_623224.5	1302	883.92	2882	242.304
XM_016913308.1	717	344.855	6.041	1.30182
XM_001122102.4	3122	2703.92	115	3.16071
XM_001120832.4	1614	1195.92	256	15.9081
XM_396720.6	2292	1873.92	264	10.4697
XR_001703836.1	627	277.742	5	1.33785
XM_624218.5	675	313.081	1460	346.558
XM_006563839.2	1326	907.92	1454	119.014
XM_006564563.2	1836	1417.92	1461	76.5736
XM_003250433.3	575	240.357	4365	1349.61
XM_016913485.1	1485	1066.92	145	10.0999
XM_006564553.2	939	526.281	54	7.62529
XM_392483.6	2376	1957.92	6021	228.536
XM_006563778.2	2040	1621.92	24	1.09967
XM_006558876.2	2294	1875.92	96	3.8031
XM_001122299.4	1429	1010.92	12	0.882155
XM_397054.6	864	461.105	2359	380.197
XM_392681.6	2090	1671.92	243	10.8012
XM_624892.5	1684	1265.92	168	9.86242
XM_392556.6	972	555.971	1851	247.42
XM_016913651.1	800	408.061	200	36.4238
XM_001121462.4	568	235.623	696	219.519
XM_395493.6	1708	1289.92	296	17.0533
XM_003249832.3	1811	1392.92	191	10.1903
XM_006558656.2	5585	5166.92	23	0.330808
XM_395535.6	1686	1267.92	382	22.3899
XR_408446.2	854	452.677	0	0
XM_016913749.1	2546	2127.92	41	1.43189
XM_006557265.2	1625	1206.92	366	22.5363
XM_001120685.4	634	282.778	257	67.5412
XM_624082.5	1383	964.92	264	20.3326
XM_624530.5	1750	1331.92	177	9.87587
XM_624220.4	2193	1774.92	385	16.1199
XM_006559612.2	2245	1826.92	31	1.26102
XM_393035.6	1421	1002.92	2228	165.093
XM_006559513.2	937	524.46	1072	151.902
XM_001120801.4	1125	706.92	1614	169.673
XM_016913914.1	2668	2249.92	469	15.4912
XM_624341.5	736	359.586	82	16.9469
XR_120028.3	1064	645.92	380	43.7205
XM_393194.5	1533	1114.92	165	10.9982
XM_006567338.2	1801	1382.92	27	1.45093
XM_624815.5	1373	954.92	53	4.12467
XM_006561725.2	1558	1139.92	571	37.2256
XM_625018.5	2830	2411.92	2669	82.2368
XM_001122104.4	944	530.655	22	3.08099
XM_006561739.2	2774	2355.92	2152	67.8832
XM_396237.6	2488	2069.92	152	5.45721
XM_395405.4	754	373.491	427	84.9627
XM_395752.6	3125	2706.92	479	13.1504
XM_006557212.2	2043	1624.92	115	5.25952
XM_623656.5	1768	1349.92	308	16.956
XM_395924.5	2070	1651.92	365	16.4204
XM_003249902.3	884	478.517	1	0.155304
NM_001327963.1	1296	877.92	508	43.0021
NM_001327961.1	1341	922.92	0	0
NM_001327954.1	3759	3340.92	710	15.7933
NM_001327958.1	8386	7967.92	525	4.8966
NM_001327964.1	4404	3985.92	1789	33.3551
NM_001327948.1	1386	967.92	8	0.61423
NM_001327960.1	1167	748.92	139	13.793
NM_001327949.1	1341	922.92	54	4.34821
NM_001327952.1	717	344.855	39	8.40443
NM_001327959.1	1104	685.92	221	23.9441
NM_001327950.1	1122	703.92	0	0
NM_001327966.1	1530	1111.92	43	2.87392
NM_001327962.1	891	484.453	52	7.97687
NM_001327955.1	1266	847.92	4	0.350579
NM_001327947.1	1647	1228.92	0	0
NM_001327957.1	3925	3506.92	387.077	8.20261
NM_001327956.1	1071	652.92	57	6.48777
NM_001327953.1	813	418.32	397	70.5282
NM_001327965.1	708	337.902	1	0.219932
NM_001327967.1	1253	834.92	7	0.623065
NM_001327951.1	6015	5596.92	374	4.96596
NM_001014992.2	2498	2079.92	31	1.10763
NM_001331117.1	4739	4320.92	0	0
NM_001365139.1	2513	2094.92	0	0
NM_001365140.1	1705	1286.92	0	0
NM_001365199.1	1951	1532.92	3080	149.318
NM_001365200.1	1764	1345.92	138.422	7.64306
NM_001011653.2	898	490.632	120	18.1763
NM_001011652.2	969	553.249	0	0
NM_001145735.2	1347	928.92	4783	382.651
NM_001011607.2	381	124.964	2	1.1894
NM_001126243.2	2949	2530.92	50	1.46816
NM_001011654.2	749	369.527	0	0
NM_001144839.2	596	255.193	252	73.3859
NM_001246251.2	2460	2041.92	40	1.4558
XR_003306359.1	451	161.821	1	0.459247
XM_394836.7	3567	3148.92	690	16.2843
XM_016917556.2	2498	2079.92	51	1.82223
XM_026445944.1	681	317.178	5.16562	1.21032
XR_003306366.1	1328	909.92	0	0
XR_003306367.1	1104	685.92	4.03134	0.436773
XR_003306368.1	4023	3604.92	4313.68	88.9268
XR_003306369.1	1923	1504.92	340995	16838.9
XM_026445945.1	2965	2546.92	9.94908	0.290301
XM_394854.7	501	191.773	721	279.402
XM_397175.6	3092	2673.92	551	15.3138
XM_623839.6	1513	1094.92	213	14.457
XM_623865.6	1380	961.92	286	22.0957
XM_026445947.1	495	188.119	0	0
XM_026445948.1	531	210.657	0	0
XR_003306370.1	1376	957.92	237.514	18.4264
XR_003306394.1	730	354.929	23.1324	4.84352
XM_026445949.1	609	264.92	8.86461	2.48671
XR_003306397.1	1723	1304.92	0	0
XR_003306398.1	1136	717.92	1.13539	0.11753
XM_026445950.1	493	186.961	4	1.58997
XR_412398.3	1806	1387.92	77	4.12294
XM_026445951.1	3789	3370.92	16	0.352738
XR_003306399.1	155	31.792	7897.94	18461.9
XR_003306400.1	4029	3610.92	976.28	20.0926
XR_003306401.1	153	31.2495	11.2222	26.6879
XM_026445952.1	888	481.804	47	7.24949
XM_026445954.1	10088	9669.92	187	1.43714
XM_006572056.3	688	322.113	1661	383.215
XM_026445955.1	1389	970.92	0	0
XR_412310.3	1383	964.92	0	0
XM_016917294.2	1468	1049.92	16	1.13252
XR_001706165.2	644	290.379	4	1.02371
XR_001706223.2	569	236.317	0	0
XR_003306410.1	946	532.341	117.476	16.3999
XR_001706316.2	2426	2007.92	72.0212	2.66559
XM_026445962.1	2511	2092.92	17	0.603638
XM_026445963.1	669	308.785	1676	403.365
XM_026445964.1	2626	2207.92	204	6.86637
XM_003251882.4	5271	4852.92	89	1.36291
XM_016917514.2	2944	2525.92	36	1.05916
XM_393370.7	1872	1453.92	1909	97.5766
XM_003251881.4	1038	619.92	369	44.2355
XM_026445969.1	715	343.329	2829	612.355
XM_026445973.1	2151	1732.92	0	0
XM_392665.7	3897	3478.92	1533.71	32.7626
XM_006572311.3	4091	3672.92	326	6.59609
XM_006571914.3	1019	600.92	0	0
XM_001122855.5	721	347.956	211	45.0649
XM_026445976.1	255	76.0535	0	0
XM_026445977.1	520	203.712	0	0
XM_026445978.1	696	328.188	0	0
XM_026445979.1	362	125.2	0	0
XM_006571971.3	1569	1150.92	17	1.0977
XM_026445982.1	1014	595.92	0	0
XM_026445984.1	528	208.736	3	1.06808
XR_003306412.1	1210	791.92	3.0156	0.282991
XR_003306421.1	1162	743.92	46.2775	4.623
XR_003306425.1	1349	930.92	199.734	15.9449
XM_026445986.1	1044	625.92	78.4539	9.31485
XM_026445987.1	1117	698.92	0	0
XM_026445988.1	478	177.643	0	0
XM_026445989.1	715	343.329	1	0.216456
XR_412500.3	1613	1194.92	156.215	9.71549
XM_026445991.1	915	505.293	3	0.441223
XM_026445992.1	432	151.707	0	0
XM_026445993.1	531	210.657	0	0
XR_412469.3	1782	1363.92	95.7849	5.21901
XR_412477.3	1356	937.92	0	0
XR_001706136.2	614	268.673	0	0
XR_003306437.1	155	31.792	7897.94	18461.9
XR_003306438.1	1923	1504.92	340995	16838.9
XM_026445995.1	2816	2397.92	2.25793	0.0699771
XM_026445996.1	2846	2427.92	0	0
XM_026445997.1	429	149.989	0	0
XM_026445998.1	1754	1335.92	8.74207	0.486311
XR_003306439.1	1259	840.92	131.662	11.6355
XR_003306445.1	702	333.031	60.5058	13.5018
XR_003306447.1	513	199.112	0	0
XR_003306448.1	682	317.884	0	0
XR_003306449.1	155	31.792	7897.94	18461.9
XR_003306450.1	1923	1504.92	340995	16838.9
XR_003306451.1	4029	3610.92	976.28	20.0926
XM_026446000.1	982	565.332	996.137	130.947
XR_003306452.1	155	31.792	7897.94	18461.9
XR_003306453.1	1923	1504.92	340995	16838.9
XR_003306454.1	4029	3610.92	3.01576e+06	62066.7
XR_003306455.1	1522	1103.92	111.179	7.48457
XR_003306461.1	495	188.119	0	0
XR_003306462.1	573	239.095	0	0
XR_003306463.1	572	238.361	343.672	107.149
XR_003306469.1	3962	3543.92	1736.7	36.4185
XM_394258.7	3701	3282.92	210	4.75378
XM_392183.7	2020	1601.92	507	23.5206
XR_412202.3	461	167.829	3	1.32842
XM_003251597.4	4698	4279.92	591	10.262
XM_026443628.1	4291	3872.92	377	7.23408
XM_001119965.5	5047	4628.92	216	3.4678
XR_001705244.2	758	376.316	16	3.15972
XR_003305689.1	991	573.627	0	0
XM_394182.7	3192	2773.92	0	0
XM_003251642.4	5500	5081.92	5.0259	0.0734964
XM_006571084.3	3738	3319.92	2	0.0447696
XM_396506.7	3414	2995.92	89	2.2077
XM_016916410.2	2674	2255.92	6416	211.359
XM_394245.6	3465	3046.92	755	18.4148
XM_006558575.3	6766	6347.92	973	11.391
XM_026444468.1	1894	1475.92	18.0724	0.909981
XR_407921.3	2111	1692.92	7	0.307285
XR_003305923.1	3358	2939.92	32	0.8089
XM_397542.7	6215	5796.92	54	0.692272
XM_006563283.2	3547	3128.92	487	11.5668
XM_006563274.3	3296	2877.92	455	11.7493
XM_026444966.1	1989	1570.92	0	0
XM_026445023.1	1369	950.92	5	0.390757
XM_394882.7	941	528.049	1062	149.462
XM_395652.7	1015	596.92	21	2.61447
XM_026445150.1	1475	1056.92	7	0.492194
XM_006563281.3	624	275.954	235	63.2867
XR_001703451.2	1515	1096.92	9	0.609745
XR_409655.3	812	417.604	0	0
XR_001703465.2	637	284.998	118	30.7695
XR_001703466.2	629	279.188	10	2.66185
XR_003306144.1	848	447.555	0	0
XR_001703477.2	457	165.235	0	0
XM_026445497.1	2902	2483.92	580	17.3528
XM_026445525.1	2508	2089.92	97	3.44923
XM_395930.6	1021	602.92	808	99.5938
XM_006559842.3	3639	3220.92	114	2.6303
XM_392161.7	1397	978.92	130	9.86908
XM_006561914.3	1431	1012.92	14	1.02715
XM_016916658.2	3945	3526.92	4567	96.2312
XM_397545.7	2365	1946.92	2237	85.3883
XM_006570080.3	2408	1989.92	54	2.01669
XR_001705703.2	1432	1013.92	14	1.02614
XM_006571275.3	2054	1635.92	180	8.17694
XM_006571273.3	1194	775.92	5	0.478887
XR_001704760.2	4796	4377.92	3	0.0509253
XR_001704775.2	1700	1281.92	3.08387	0.178779
XM_624545.6	3017	2598.92	949	27.1365
XM_006570110.3	4511	4092.92	323	5.86475
XR_001706450.2	4118	3699.92	12	0.241029
XM_006563235.3	3866	3447.92	149	3.21151
XM_006563238.3	1081	662.92	184	20.6271
XM_006571157.3	4837	4418.92	258	4.33894
XM_006571156.3	5500	5081.92	1	0.0146235
XM_006571155.2	2660	2241.92	248	8.22076
XM_006571136.3	4376	3957.92	146	2.74136
XM_624708.6	3225	2806.92	185	4.89804
XM_016918080.2	1752	1333.92	2	0.111424
XM_397559.7	1431	1012.92	209	15.3339
XR_001703023.2	2058	1639.92	36	1.6314
XR_003306532.1	1027	608.92	35	4.27158
XM_016917875.2	1353	934.92	36	2.8616
XR_001706449.2	705	335.515	492	108.977
XM_016917734.2	4883	4464.92	296	4.92673
XM_026446296.1	1556	1137.92	641	41.8627
XR_003306543.1	561	230.449	250	80.6206
XM_026446305.1	3845	3426.92	69	1.49632
XM_026446316.1	4059	3640.92	221	4.51088
XM_026446321.1	1871	1452.92	291	14.8844
XM_001119891.5	702	333.031	1084	241.894
XM_006563296.3	1065	646.92	1154	132.567
XM_001122688.5	6565	6146.92	591	7.14513
XR_001705753.2	627	277.742	0	0
XM_026446345.1	6649	6230.92	142	1.69362
XM_394252.5	5593	5174.92	46.1122	0.662205
XM_392172.7	1495	1076.92	1984	136.911
XM_006568577.3	2559	2140.92	277	9.61523
XM_006568581.3	1657	1238.92	98	5.87846
XM_393250.7	2342	1923.92	1388	53.6146
XM_006568583.3	2470	2051.92	985	35.6744
XM_001120364.5	592	252.3	941	277.174
XM_623108.6	5379	4960.92	231	3.46043
XM_001123127.5	738	361.077	179	36.8412
XM_392165.7	5967	5548.92	173	2.31696
XM_006559851.3	1718	1299.92	474	27.0983
XM_006559854.3	3030	2611.92	148.186	4.21625
XM_006559852.3	1857	1438.92	528	27.2695
XR_001702381.2	721	347.956	65	13.8826
XM_001120660.5	2363	1944.92	5	0.191051
XM_393202.7	4685	4266.92	810.158	14.1103
XM_395191.7	2726	2307.92	176	5.66725
XM_006564976.3	5224	4805.92	20	0.309267
XR_001705738.2	3659	3240.92	1	0.0229304
XM_623339.6	2373	1954.92	7021	266.901
XR_409652.3	742	364.064	7	1.4289
XM_026446488.1	14074	13655.9	298	1.62172
XM_006571384.3	798	406.362	9	1.64592
XM_623976.5	1287	868.92	274	23.4343
XR_003304115.1	7419	7000.92	10	0.106151
XM_006568109.3	1601	1182.92	399	25.0667
XM_026438906.1	2096	1677.92	188	8.32659
XM_392121.5	5068	4649.92	217	3.46812
XM_392120.7	1705	1286.92	170	9.81698
XM_001121644.5	3434	3015.92	113	2.78445
XM_001123187.5	2081	1662.92	1091	48.7566
XM_624204.6	1944	1525.92	644	31.3642
XM_006562508.3	1714	1295.92	6	0.344075
XR_001704253.2	1404	985.92	4	0.301508
XR_001706443.2	1142	723.92	2	0.205315
XM_016913949.2	5454	5035.92	175.475	2.58951
XM_393215.7	4674	4255.92	489	8.53878
XM_006571240.3	5040	4621.92	429	6.89787
XM_016916376.2	1904	1485.92	1188	59.4157
XM_396944.7	2567	2148.92	0	0
XM_396945.7	2378	1959.92	1	0.0379177
XM_026439100.1	6126	5707.92	116	1.51029
XR_001702295.2	764	380.879	86	16.78
XR_408870.3	2236	1817.92	2	0.081759
XR_003304214.1	1000	581.92	0	0
XM_026439220.1	4411	3992.92	58	1.07949
XM_001120426.5	5207	4788.92	171	2.65362
XM_006558578.3	748	368.753	1	0.201532
XM_026439236.1	4548	4129.92	86	1.54752
XM_016917223.2	3044	2625.92	203	5.74507
XM_006568108.3	1981	1562.92	29	1.37893
XM_394949.6	6388	5969.92	553	6.88394
XM_006570698.3	2605	2186.92	157	5.33516
XM_016915869.2	2248	1829.92	31	1.25895
XM_394948.7	1991	1572.92	61	2.88206
XM_392599.7	1707	1288.92	384	22.1404
XM_026439342.1	14578	14159.9	340	1.78443
XM_001120425.5	2452	2033.92	1143	41.7631
XM_623093.6	1453	1034.92	3802	273.015
XM_001120482.5	2389	1970.92	204	7.69204
XM_393026.7	1556	1137.92	254	16.5883
XM_006571297.3	3277	2858.92	316	8.2142
XM_003251666.4	4782	4363.92	108.056	1.84015
XR_003304249.1	671	310.255	0	0
XM_016917174.2	2424	2005.92	517	19.1539
XR_411559.3	2897	2478.92	36	1.07925
XM_006569580.3	2401	1982.92	567	21.25
XM_623751.5	629	279.188	78	20.7624
XM_026439418.1	4318	3899.92	2071	39.4643
XM_006568119.3	3322	2903.92	94	2.4056
XM_006571163.3	3908	3489.92	467	9.94447
XM_006571164.3	2568	2149.92	544	18.8043
XM_006570781.3	4896	4477.92	1538	25.5247
XM_006569637.3	5038	4619.92	57	0.916898
XM_016912405.2	533	211.945	527	184.785
XM_026439503.1	7449	7030.92	53.7291	0.567908
XM_006571478.3	1768	1349.92	256	14.0933
XM_026439516.1	1539	1120.92	1	0.0662988
XM_393012.7	1109	690.92	454	48.8325
XM_026439518.1	2558	2139.92	46	1.5975
XM_001120360.5	637	284.998	2549	664.673
XM_026439522.1	9756	9337.92	117	0.931142
XM_623551.6	1535	1116.92	254	16.9002
XM_003249288.4	1074	655.92	160	18.128
XM_393342.7	2835	2416.92	210	6.4571
XR_003304339.1	3761	3342.92	3	0.0666923
XR_003304346.1	9028	8609.92	22	0.189891
XM_003251702.4	3358	2939.92	87	2.1992
XM_623238.6	1585	1166.92	2121	135.077
XR_001704665.2	525	206.97	0	0
XM_392742.7	2133	1714.92	399	17.2906
XM_624059.6	1770	1351.92	34	1.869
XM_624027.6	1662	1243.92	999	59.6834
XM_001121102.5	1529	1110.92	15	1.00343
XR_003304353.1	1444	1025.92	97	7.02649
XR_412112.3	2037	1618.92	16	0.734472
XR_003304354.1	571	237.713	9	2.81365
XM_016911403.2	3672	3253.92	138	3.15176
XM_392150.6	2044	1625.92	35	1.59974
XM_394217.5	4170	3751.92	383.467	7.59548
XM_016911436.2	1743	1324.92	435	24.3994
XR_003304382.1	1551	1132.92	80	5.24773
XR_003304386.1	2821	2402.92	91	2.81438
XR_001702581.2	2597	2178.92	34	1.15963
XR_410109.3	1082	663.92	19	2.12676
XR_003304387.1	800	408.061	67	12.202
XR_410105.3	2060	1641.92	15	0.678922
XM_006570860.3	10126	9707.92	459.546	3.5179
XM_395864.7	1672	1253.92	60	3.556
XM_624508.6	1533	1114.92	1205	80.32
XM_016911751.2	4025	3606.92	30	0.618109
XM_624532.5	1266	847.92	594	52.0609
XM_026439749.1	1762	1343.92	189	10.4513
XM_026439758.1	3478	3059.92	14	0.340015
XR_003304416.1	272	83.0337	4	3.58003
XM_026439764.1	3002	2583.92	151	4.34288
XM_026439774.1	2011	1592.92	13	0.606499
XM_026439792.1	1118	699.92	994	105.54
XM_026439799.1	3724	3305.92	769	17.2868
XM_003251670.4	3197	2778.92	86	2.29987
XM_392750.7	2307	1888.92	129	5.07524
XM_016911781.2	1775	1356.92	153	8.37949
XM_392749.7	1497	1078.92	1045	71.9793
XM_006571005.3	3078	2659.92	34	0.949928
XM_397001.6	3732	3313.92	22.0717	0.494965
XR_001704046.2	4237	3818.92	6	0.116759
XM_001119899.5	641	288.023	1349	348.068
XM_624176.6	1131	712.92	502	52.3291
XM_001120941.5	709	338.713	284	62.3113
XM_026439854.1	2531	2112.92	34	1.19585
XR_407459.3	3012	2593.92	33	0.945448
XM_006562763.3	741	363.318	154	31.5003
XM_026439867.1	5792	5373.92	131	1.81159
XM_016912484.2	6052	5633.92	98	1.29269
XM_006563258.3	4808	4389.92	338	5.7219
XM_394225.7	2868	2449.92	26	0.788682
XM_624670.6	3542	3123.92	1087	25.8589
XM_394846.6	1705	1286.92	545	31.4721
XM_395748.7	1540	1121.92	618	40.9362
XM_006563255.3	2194	1775.92	2	0.0836926
XM_624691.6	1838	1419.92	489	25.5932
XM_001121499.5	1978	1559.92	8	0.381126
XM_624418.6	942	528.935	160	22.4801
XM_006563253.3	591	251.577	1069	315.781
XR_003304492.1	1125	706.92	0	0
XR_120124.4	742	364.064	20	4.08256
XR_003304493.1	6641	6222.92	2	0.0238845
XR_409647.3	1061	642.92	1	0.115591
XM_625002.6	855	453.525	398	65.2172
XR_001702703.2	429	149.989	1096	543.041
XM_006570785.3	4466	4047.92	79	1.45036
XM_006570784.3	1606	1187.92	43	2.69006
XM_003251358.4	527	208.128	4201	1500.04
XM_003251446.4	1455	1036.92	15	1.07504
XM_006571491.3	7735	7316.92	9170	93.1368
XM_396802.7	4978	4559.92	138	2.24907
XM_006557400.3	1761	1342.92	318	17.5978
XM_394142.7	2330	1911.92	660	25.654
XM_026440096.1	4490	4071.92	179	3.26689
XM_624497.5	1544	1125.92	243	16.0391
XM_016917352.2	8163	7744.92	47	0.450984
XM_026440134.1	4064	3645.92	962	19.6087
XM_026440147.1	3018	2599.92	551	15.7497
XM_001121147.5	1487	1068.92	195	13.5572
XM_623951.6	858	456.056	526	85.7133
XM_623977.5	655	298.71	887	220.675
XM_623115.6	3694	3275.92	203	4.60514
XM_395702.6	963	547.802	404	54.8073
XM_003251541.4	814	419.117	0	0
XM_394261.7	8948	8529.92	2886.07	25.1444
XM_001120089.5	2896	2477.92	77	2.30932
XM_016917895.2	3955	3536.92	0	0
XM_001119967.5	1420	1001.92	1	0.0741733
XR_003304554.1	5825	5406.92	24.0157	0.330085
XR_003304555.1	14666	14247.9	5	0.0260795
XM_016917786.2	3091	2672.92	653	18.1555
XM_396043.7	2223	1804.92	2627	108.164
XM_395043.7	1741	1322.92	128	7.19046
XM_397113.7	3178	2759.92	185	4.98145
XM_397111.6	3335	2916.92	20	0.509549
XM_001120659.5	1583	1164.92	6	0.382768
XM_006561923.3	999	580.92	630	80.5944
XM_625242.6	473	174.859	831	353.177
XM_016917836.2	1362	943.92	73	5.74736
XM_006570141.3	889	482.694	40	6.15841
XR_411779.3	684	319.181	3	0.698496
XM_006570574.3	826	429.287	0	0
XM_006570570.3	907	498.574	1	0.149056
XM_003251545.4	741	363.318	901	184.297
XM_026440364.1	3185	2766.92	251	6.74152
XM_006565301.3	2761	2342.92	240	7.61262
XM_003250567.4	1463	1044.92	293	20.8384
XM_026440414.1	710	339.519	237	51.8758
XM_016910975.2	6225	5806.92	18	0.23036
XM_026440425.1	2012	1593.92	4	0.186498
XR_003304596.1	1382	963.92	1	0.0770973
XM_006571321.3	6119	5700.92	134	1.74679
XM_006571320.3	1570	1151.92	1314	84.7722
XM_003251652.4	5642	5223.92	327	4.65191
XM_016917650.2	2375	1956.92	7	0.265831
XR_003304626.1	3248	2829.92	25	0.656517
XR_407455.3	1189	770.92	6	0.578392
XM_006565281.3	3168	2749.92	2	0.0540493
XM_001122183.4	839	440.008	15	2.53344
XM_393244.7	1059	640.92	533	61.8022
XM_006565280.3	960	545.028	28	3.81786
XM_393448.7	4407	3988.92	2228	41.5088
XM_001121241.5	4702	4283.92	3	0.0520428
XM_396550.7	3799	3380.92	159	3.49496
XM_006571112.3	2798	2379.92	63	1.96725
XM_006571117.3	1541	1122.92	97	6.41953
XM_026440538.1	1313	894.92	125.555	10.4263
XM_006571109.3	1656	1237.92	239	14.3478
XM_026440552.1	849	448.428	193.991	32.1491
XM_026440558.1	853	451.846	95.0093	15.6263
XM_026440571.1	871	467.258	2539.44	403.889
XM_397475.7	615	269.354	224	61.8023
XM_006571108.3	5807	5388.92	1236	17.045
XM_006571200.3	3425	3006.92	320	7.90876
XM_394164.7	1550	1131.92	16	1.05047
XM_006557350.3	1999	1580.92	473	22.2347
XR_407457.3	3630	3211.92	3	0.0694124
XM_393529.6	3259	2840.92	1930	50.4869
XM_397174.7	1322	903.92	985	80.9817
XM_001120404.5	741	363.318	1154	236.048
XM_026440670.1	3012	2593.92	106.754	3.05851
XM_393600.7	2162	1743.92	357	15.2133
XM_006568575.3	1929	1510.92	20.2456	0.995795
XM_001120148.5	913	503.606	384	56.6657
XM_006563288.3	836	437.578	453	76.9349
XM_623279.6	2155	1736.92	925	39.577
XM_016911385.2	855	453.525	18925	3101.1
XM_006570726.3	1555	1136.92	329	21.5053
XM_026440740.1	5589	5170.92	0	0
XM_395172.6	2343	1924.92	355	13.7055
XM_395173.7	3824	3405.92	375	8.18233
XM_624640.6	1808	1389.92	202	10.8005
XM_006570729.3	631	280.645	373	98.7715
XM_006570731.3	3464	3045.92	415	10.1253
XM_026440831.1	499	190.514	557	217.274
XM_006568586.3	2750	2331.92	1276	40.6647
XM_624203.6	1202	783.92	1329	125.989
XM_003249062.4	937	524.46	0	0
XM_001121536.5	2415	1996.92	543	20.2078
XM_392181.7	1315	896.92	706	58.4967
XM_006571537.3	1183	764.92	29	2.81749
XM_026440859.1	3960	3541.92	4	0.083927
XM_026440863.1	8958	8539.92	1251	10.8864
XM_026440868.1	19779	19360.9	27.8278	0.106815
XM_006571325.2	1477	1058.92	521	36.5641
XM_392831.6	1408	989.92	517	38.8124
XM_006571326.3	760	377.709	289	56.8619
XM_392830.7	2715	2296.92	1108	35.8488
XM_006558613.3	4532	4113.92	107	1.9329
XM_396376.7	3685	3266.92	1	0.0227479
XM_396231.6	12928	12509.9	96	0.570292
XM_003251658.4	3264	2845.92	148	3.86473
XR_003304717.1	1870	1451.92	76	3.89002
XM_006571464.2	4143	3724.92	134	2.67343
XM_392753.7	1586	1167.92	135	8.59016
XM_006571462.3	934	521.975	3951	562.519
XM_624416.6	2205	1786.92	476	19.7962
XM_001120572.5	541	217.134	1479	506.198
XR_003304732.1	416	143.016	253	131.467
XM_006570584.3	5303	4884.92	302	4.59441
XM_001120658.5	4293	3874.92	452	8.66874
XM_623178.6	1096	677.92	1503	164.763
XR_003304747.1	3274	2855.92	3	0.0780649
XM_623673.6	1650	1231.92	0	0
XM_392139.7	1663	1244.92	227	13.5508
XM_016916998.2	5920	5501.92	104	1.40475
XM_026441090.1	821	425.079	0	0
XM_026441098.1	750	370.27	228	45.7611
XM_393376.7	1362	943.92	1816	142.975
XM_001120530.5	376	122.427	3621	2198.02
XM_006563215.3	843	443.23	350	58.684
XM_624383.5	1228	809.92	832	76.3417
XM_624357.5	851	450.155	3061	505.338
XR_409610.3	636	284.209	43	11.2437
XR_003304786.1	1789	1370.92	13	0.704712
XM_623778.6	1184	765.92	189	18.3383
XM_006562538.3	1392	973.92	510	38.9159
XM_625118.6	686	320.623	241	55.8603
XM_016917628.2	479	178.254	73	30.4344
XM_001122042.5	3978	3559.92	840	17.5356
XM_003249530.4	1233	814.92	799	72.8639
XM_393558.7	1418	999.92	2631	195.54
XM_026441156.1	1208	789.92	2	0.18816
XM_026441163.1	711	340.229	0	0
XM_001120529.4	393	131.781	51	28.7606
XR_003304808.1	945	531.521	23	3.21579
XM_006561950.3	2582	2163.92	2868	98.4959
XM_006561949.3	1235	816.92	326	29.6564
XM_395143.7	3460	3041.92	913	22.3051
XM_006558616.3	3108	2689.92	337	9.31046
XR_003304818.1	2315	1896.92	1	0.039177
XM_006562518.3	2215	1796.92	298	12.3245
XM_003250068.4	1453	1034.92	77	5.52923
XM_623179.5	1418	999.92	26	1.93236
XM_623804.6	648	293.528	756	191.405
XM_625247.6	2263	1844.92	76	3.06137
XM_623779.5	2610	2191.92	213	7.22163
XM_397252.7	1117	698.92	1501	159.6
XM_026441242.1	13014	12595.9	2005	11.8295
XM_006561918.3	3281	2862.92	124	3.21879
XM_016911157.2	1945	1526.92	48	2.33618
XR_001702356.2	1998	1579.92	12	0.564451
XR_003304851.1	2284	1865.92	3	0.119484
XM_001120612.4	978	561.565	1309	173.229
XM_026441279.1	736	359.586	29	5.99342
XM_026441285.1	4090	3671.92	75	1.51792
XM_395266.7	1856	1437.92	324	16.7452
XM_001120697.5	1874	1455.92	700	35.7307
XM_001120202.5	2337	1918.92	2641	102.28
XM_623086.6	2191	1772.92	540	22.6352
XM_006571341.3	2607	2188.92	111	3.76854
XM_026441321.1	966	550.581	466	62.8992
XM_026441328.1	1435	1016.92	2218	162.09
XM_006568105.3	2578	2159.92	841	28.936
XM_396914.7	1408	989.92	3166	237.679
XM_026441345.1	2218	1799.92	179	7.39061
XM_623090.6	2311	1892.92	411	16.1358
XM_001122896.5	1444	1025.92	180	13.0389
XM_624003.6	4501	4082.92	122	2.2206
XM_006569572.3	555	226.445	404	132.586
XM_026441370.1	3225	2806.92	241	6.38069
XM_001122939.5	3318	2899.92	224	5.7404
XM_026441378.1	1985	1566.92	172	8.15759
XM_026441391.1	1127	708.92	125	13.1037
XM_003251592.4	3420	3001.92	261	6.46133
XM_001120930.5	1358	939.92	580	45.8583
XM_006571193.3	3107	2688.92	249	6.8818
XM_624296.6	2229	1810.92	147	6.03252
XM_001120153.5	1800	1381.92	91	4.89372
XM_003251651.4	2190	1771.92	2	0.0838815
XM_394167.7	2680	2261.92	761	25.0028
XM_396691.7	1331	912.92	287	23.3631
XM_006571192.3	831	433.416	1788	306.58
XR_003304956.1	1479	1060.92	0	0
XM_006563220.3	2415	1996.92	129	4.80075
XM_026441465.1	2495	2076.92	204	7.29946
XM_026441502.1	7798	7379.92	71.1	0.715976
XR_001706027.2	1089	670.92	3	0.3323
XM_393350.7	3858	3439.92	355	7.66938
XM_026441539.1	2201	1782.92	6	0.250092
XM_623113.6	3384	2965.92	249	6.23908
XM_003251456.4	1256	837.92	309	27.4054
XM_016917844.2	844	444.086	36	6.02443
XM_001121399.5	1912	1493.92	520	25.8676
XM_006568555.3	1565	1146.92	85	5.50765
XM_006563287.3	601	258.874	1	0.287073
XR_409256.3	2452	2033.92	0	0
XM_006568640.3	3704	3285.92	0	0
XM_006568646.3	3216	2797.92	12	0.318733
XM_001121270.5	1757	1338.92	218	12.0999
XM_396475.7	3012	2593.92	335	9.59773
XM_006571610.3	1467	1048.92	20	1.41699
XM_006571612.3	3826	3407.92	83	1.80996
XM_006562778.3	4112	3693.92	49	0.9858
XR_003305010.1	3152	2733.92	7	0.19028
XM_623297.6	1702	1283.92	1493	86.4176
XM_001121709.5	2158	1739.92	176	7.51733
XM_026441732.1	2377	1958.92	0	0
XR_408682.3	644	290.379	7	1.79149
XM_003251677.4	6145	5726.92	86	1.11598
XM_006571565.3	2225	1806.92	70	2.87899
XM_026441763.1	4525	4106.92	329	5.95333
XM_006571572.3	747	367.979	72	14.5408
XM_392774.7	2193	1774.92	226	9.46259
XM_003251706.4	6044	5625.92	5	0.0660476
XM_026441778.1	1705	1286.92	102	5.89019
XM_026441796.1	1495	1076.92	1107	76.3914
XM_395349.7	1368	949.92	613	47.9572
XR_003305048.1	601	258.874	0	0
XM_001121303.5	3823	3404.92	179	3.90685
XM_392630.6	3266	2847.92	285	7.437
XM_026441881.1	1905	1486.92	72	3.59853
XM_026441908.1	930	518.561	0	0
XM_026441929.1	4691	4272.92	18	0.31306
XM_001121064.5	4400	3981.92	2939	54.8514
XR_003305064.1	1316	897.92	80	6.62114
XM_623844.6	1151	732.92	77	7.80755
XM_623867.5	4076	3657.92	379	7.69991
XM_396869.7	6184	5765.92	101	1.30177
XR_001702291.2	385	127.118	0	0
XM_006557357.3	2665	2246.92	3522	116.488
XR_001706436.2	443	157.252	127	60.019
XM_394880.6	1642	1223.92	101	6.13266
XR_001703407.2	1205	786.92	0	0
XM_026441987.1	2856	2437.92	0	0
XM_003250181.4	2236	1817.92	5	0.204398
XR_001703380.2	1498	1079.92	0	0
XM_397274.7	1281	862.92	664	57.1845
XM_026442023.1	5597	5178.92	61	0.875328
XM_016917830.2	1795	1376.92	102	5.50518
XM_395627.7	1915	1496.92	164	8.1419
XM_624175.5	2238	1819.92	346	14.1288
XM_392115.7	1102	683.92	200	21.7323
XM_392116.7	3215	2796.92	401	10.6548
XM_026442054.1	1512	1093.92	0	0
XM_395725.7	5127	4708.92	241	3.80344
XM_016912866.2	4152	3733.92	54	1.07475
XM_026442088.1	4429	4010.92	958	17.7501
XM_006571704.3	1477	1058.92	140	9.82529
XM_006572587.3	1527	1108.92	0	0
XM_624559.6	1529	1110.92	304	20.3363
XM_006571708.3	2744	2325.92	5	0.159755
XM_006571713.3	658	300.836	0	0
XR_001706388.2	111	23.7189	0	0
XM_026442131.1	2373	1954.92	2	0.0760294
XM_624148.6	2398	1979.92	3	0.112604
XM_392932.7	2392	1973.92	214	8.05684
XM_393087.7	2443	2024.92	463	16.9924
XM_026442151.1	1714	1295.92	1123	64.3994
XM_001121177.5	2646	2227.92	277	9.23976
XM_006561939.3	1093	674.92	329	36.2263
XM_001121269.5	934	521.975	463	65.9191
XR_001704130.2	4356	3937.92	14	0.264205
XM_395743.7	3717	3298.92	52	1.17142
XM_393070.7	3391	2972.92	221	5.52446
XM_026442190.1	2640	2221.92	313	10.4688
XM_006559839.3	1404	985.92	1986	149.699
XM_006571647.3	7015	6596.92	830	9.35012
XR_412211.3	6724	6305.92	15	0.176776
XM_026442277.1	9656	9237.92	34	0.273518
XM_003251723.4	4645	4226.92	1	0.0175815
XM_003251724.4	2580	2161.92	5	0.171874
XM_006571667.3	1174	755.92	24	2.35948
XR_001704603.2	1110	691.92	4	0.42962
XM_026442303.1	1566	1147.92	832	53.8632
XM_026442317.1	1473	1054.92	21	1.47938
XR_003305172.1	521	204.354	1	0.363661
XM_006571679.3	6020	5601.92	433	5.74422
XM_016915409.2	3077	2658.92	13371	373.714
XR_001705165.2	1763	1344.92	0	0
XM_393520.7	4976	4557.92	171	2.78811
XR_001703063.2	1353	934.92	324	25.7544
XR_001703070.2	4350	3931.92	2.00493	0.0378944
XR_003305185.1	3707	3288.92	5	0.112979
XR_001703079.2	568	235.623	0	0
XR_001703089.2	2685	2266.92	58	1.90139
XM_397118.7	5819	5400.92	194	2.6694
XM_016912298.2	1375	956.92	55	4.27137
XR_411741.3	1431	1012.92	0	0
XM_026442425.1	2301	1882.92	0	0
XM_006571440.3	6267	5848.92	349	4.43435
XM_624254.5	2522	2103.92	156	5.51031
XM_006571436.3	1602	1183.92	0	0
XM_001120347.5	2469	2050.92	44	1.59435
XM_623296.6	1811	1392.92	519	27.6899
XM_016914207.2	3892	3473.92	8063.81	172.505
XM_001121151.5	1257	838.92	0	0
XM_003251696.4	997	579.101	1	0.128329
XR_001706438.2	2328	1909.92	3	0.116731
XR_003305225.1	2127	1708.92	2	0.0869738
XM_394146.7	4750	4331.92	87	1.49252
XR_001704470.2	4396	3977.92	4	0.0747282
XM_394253.7	6348	5929.92	69	0.86473
XM_001121467.5	1305	886.92	59	4.94365
XM_001119959.5	1800	1381.92	283	15.2189
XM_026442534.1	715	343.329	5	1.08228
XM_006572225.3	2373	1954.92	0	0
XM_624474.6	3455	3036.92	130	3.1812
XM_392780.7	1168	749.92	428	42.414
XM_001122476.5	2689	2270.92	795	26.0163
XM_392162.7	793	402.432	1966	363.054
XM_006561917.3	1970	1551.92	69	3.30415
XM_395780.7	1743	1324.92	57	3.19717
XM_003251544.4	2216	1797.92	400	16.5337
XM_624469.6	1652	1233.92	1088	65.5273
XM_392119.7	10311	9892.92	2850.83	21.4154
XR_412150.3	2324	1905.92	6	0.233952
XM_026442597.1	7749	7330.92	75	0.760297
XM_624037.6	12210	11791.9	455	2.86753
XM_026442620.1	6871	6452.92	1786.96	20.5797
XM_006571224.3	1881	1462.92	0	0
XR_001706437.2	417	143.505	0	0
XM_393418.7	3131	2712.92	206	5.64301
XM_624443.4	3663	3244.92	214	4.90106
XM_026442676.1	5541	5122.92	661	9.5888
XR_409142.3	2681	2262.92	0	0
XR_003305303.1	3241	2822.92	3	0.0789774
XR_003305305.1	1011	592.92	0	0
XR_001704391.2	5981	5562.92	0	0
XR_003305307.1	1805	1386.92	0	0
XR_003305308.1	1552	1133.92	0	0
XM_392112.7	1756	1337.92	303	16.8303
XR_120637.4	1043	624.92	0	0
XM_006571018.3	2052	1633.92	738	33.5665
XM_393204.7	1851	1432.92	3208	166.377
XM_396881.6	1244	825.92	1397	125.701
XM_006561937.3	822	425.901	7228	1261.22
XM_396915.6	3386	2967.92	0	0
XM_393416.7	2478	2059.92	626	22.5842
XM_016917877.2	1547	1128.92	0	0
XM_026442781.1	1222	803.92	378	34.9429
XM_016916035.2	663	304.569	41	10.0041
XM_016916044.2	444	157.812	10	4.70913
XM_026442794.1	671	310.255	4582	1097.53
XM_026442795.1	1185	766.92	2333	226.071
XM_016916524.2	573	239.095	2	0.621642
XM_006571461.3	528	208.736	0	0
XM_003251722.4	7043	6624.92	193	2.165
XM_006571584.3	1209	790.92	175	16.4432
XM_001123143.5	656	299.4	77	19.1126
XM_624746.6	770	385.61	503	96.9394
XM_016916449.2	579	243.124	116	35.4577
XM_026442833.1	3055	2636.92	82	2.31099
XR_003305348.1	892	485.335	0	0
XM_624116.6	3155	2736.92	60	1.62918
XM_026442847.1	2452	2033.92	8	0.292305
XM_003249619.4	3412	2993.92	122.008	3.02851
XM_016917958.2	742	364.064	0	0
XM_016914585.2	747	367.979	6	1.21174
XM_026442874.1	2780	2361.92	151	4.75108
XM_006558610.3	1635	1216.92	370	22.5954
XM_006558611.3	882	476.841	574	89.458
XM_026442927.1	1902	1483.92	1	0.0500806
XM_026442931.1	313	102.64	1263	914.469
XM_026442935.1	1768	1349.92	4	0.220208
XM_026442938.1	1443	1024.92	219	15.8794
XM_396701.6	1179	760.92	286	27.9323
XM_026442966.1	4586	4167.92	141	2.51409
XM_006562544.3	2083	1664.92	680	30.3526
XM_003251565.4	603	260.423	151	43.0901
XM_003251571.4	545	219.711	1203	406.907
XM_001122218.5	682	317.884	0	0
XM_016917887.2	515	200.331	1527.2	566.537
XM_006570800.3	434	152.661	118	57.4425
XM_003251570.4	500	191.21	128	49.7484
XM_026443038.1	794	403.267	0	0
XM_001122953.5	856	454.414	0	0
XM_006568565.3	1912	1493.92	7	0.348218
XM_006568568.3	1892	1473.92	445	22.4371
XM_026443045.1	3991	3572.92	250	5.19993
XR_003305370.1	709	338.713	0	0
XM_395937.7	2245	1826.92	80	3.25425
XM_006563210.3	1018	599.92	556	68.875
XM_623549.6	2104	1685.92	1812	79.8733
XM_006568628.3	9851	9432.92	710	5.59362
XM_001121331.5	2980	2561.92	69	2.00154
XM_001121471.5	1964	1545.92	348	16.7291
XM_006568636.3	2562	2143.92	674	23.3632
XM_394204.5	1495	1076.92	172	11.8693
XM_006568625.3	1882	1463.92	425	21.5751
XM_006568623.3	1684	1265.92	922	54.1259
XM_397510.7	2064	1645.92	517	23.3433
XM_026443146.1	3113	2694.92	69	1.90276
XM_006561941.3	3099	2680.92	113	3.13238
XM_395658.7	1749	1330.92	75	4.18784
XM_395659.6	1201	782.92	3276	310.962
XM_001120657.5	1998	1579.92	2	0.0940752
XM_624011.6	7311	6892.92	195	2.10238
XM_026443192.1	2354	1935.92	684	26.2572
XM_006568600.3	6454	6035.92	110	1.35435
XM_006568606.3	2668	2249.92	136	4.49213
XM_623796.6	1708	1289.92	71	4.0905
XM_003251212.4	1473	1054.92	297.662	20.9693
XM_395804.6	1652	1233.92	535	32.2216
XM_026443225.1	2279	1860.92	532	21.2454
XM_623426.6	1098	679.92	442	48.3109
XM_016917437.2	4289	3870.92	53	1.01752
XM_623939.6	1773	1354.92	1103	60.4982
XM_393641.7	1427	1008.92	274	20.1825
XM_006571347.3	6824	6405.92	221	2.56384
XM_006571345.3	1098	679.92	57	6.23014
XM_393076.7	1574	1155.92	596	38.3177
XM_006570069.2	776	390.323	655	124.709
XM_026443298.1	983	566.283	3746	491.603
XM_001120613.5	945	531.521	628	87.805
XM_016917961.2	1287	868.92	0	0
XM_003251659.4	728	353.383	667	140.269
XM_003250195.4	2333	1914.92	176	6.83034
XM_623776.6	497	189.199	951	373.545
XM_396967.6	3016	2597.92	95	2.71755
XM_623468.6	3084	2665.92	130	3.6239
XM_394155.7	828	430.967	1322	227.965
XM_006562537.3	1967	1548.92	596	28.5955
XM_006562540.3	1545	1126.92	294	19.3881
XM_394229.6	1119	700.92	605	64.1457
XM_392155.7	1487	1068.92	2354	163.66
XM_395584.7	3322	2903.92	893	22.8532
XM_016916450.2	1194	775.92	230	22.0288
XM_016916454.2	1038	619.92	239	28.6512
XM_001121112.5	3320	2901.92	3	0.0768274
XM_006571634.3	3546	3127.92	205	4.87056
XM_395867.7	2146	1727.92	248	10.6662
XM_001122977.5	1596	1177.92	79	4.98416
XM_006570113.3	2977	2558.92	6	0.174251
XR_001704742.2	1014	595.92	14	1.7459
XM_392156.7	2057	1638.92	440	19.9515
XM_624846.6	2431	2012.92	1452	53.6069
XM_006570715.3	2644	2225.92	602	20.0987
XM_001121977.5	712	340.987	181	39.4477
XM_394233.7	2833	2414.92	497	15.2945
XM_624472.6	2141	1722.92	165	7.11704
XM_016917891.2	1003	584.92	223	28.3328
XM_003251438.4	419	144.229	0	0
XM_623298.6	2188	1769.92	159	6.67612
XM_026443460.1	2555	2136.92	545	18.9535
XM_006560271.3	1252	833.92	245	21.8334
XM_395482.7	1426	1007.92	181	13.3454
XM_026443501.1	2765	2346.92	16	0.506643
XM_395682.7	1975	1556.92	18	0.859185
XM_624574.6	1746	1327.92	162	9.06616
XM_392133.7	2462	2043.92	254	9.23528
XM_392132.7	2417	1998.92	983	36.5459
XM_393231.6	3966	3547.92	2039	42.7094
XM_003251369.4	2089	1670.92	49	2.17932
XM_003251370.4	1384	965.92	86	6.61664
XR_001705682.2	1421	1002.92	832	61.6506
XR_001705785.2	1558	1139.92	17	1.10829
XR_001705792.2	845	444.983	22	3.67418
XR_003305558.1	1539	1120.92	18	1.19338
XR_411565.3	656	299.4	1	0.248215
XM_006563261.3	1105	686.92	19	2.05555
XM_001122415.5	2158	1739.92	202	8.62785
XM_624085.6	2531	2112.92	4732	166.434
XM_624446.6	1851	1432.92	1234	63.9991
XM_001123248.5	1456	1037.92	1936	138.619
XM_001123247.4	1610	1191.92	280	17.4579
XM_624120.6	1488	1069.92	145	10.0716
XM_003251744.3	3321	2902.92	18	0.460806
XM_006571724.3	3937	3518.92	1	0.0211189
XM_003251746.4	5250	4831.92	29.0951	0.447487
XM_006571726.3	1535	1116.92	0	0
XR_003305587.1	3050	2631.92	7	0.197654
XR_003305588.1	482	180.216	2	0.824742
XM_006571728.3	3648	3229.92	14.1238	0.324969
XR_003305598.1	331	111.364	0	0
XM_003251665.4	1570	1151.92	3	0.193544
XM_396943.5	1922	1503.92	184	9.09229
XM_006571330.3	1391	972.92	419	32.005
XM_624800.6	1405	986.92	592	44.578
XM_003251710.4	890	483.589	410	63.0069
XM_393599.7	1479	1060.92	2081	145.771
XM_006567943.3	6462	6043.92	327.644	4.02869
XM_016917606.2	2038	1619.92	0	0
XR_003305617.1	8703	8284.92	7	0.0627899
XR_001704578.2	3832	3413.92	1	0.0217684
XR_001704573.2	2301	1882.92	5	0.197342
XR_003305620.1	10525	10106.9	25	0.183824
XR_003305621.1	3285	2866.92	0	0
XR_003305622.1	2267	1848.92	0	0
XM_624292.6	2057	1638.92	101	4.57977
XM_001121110.5	3276	2857.92	60	1.5602
XM_006570840.3	2716	2297.92	69	2.23149
XM_006561954.3	2878	2459.92	7	0.211474
XM_016917906.2	1212	793.92	84	7.8629
XM_006571418.3	2441	2022.92	20	0.734737
XM_624280.6	2243	1824.92	177	7.20792
XM_006571435.3	6992	6573.92	1465	16.5613
XM_026443772.1	6417	5998.92	882.362	10.9309
XM_006569562.3	2914	2495.92	159	4.7342
XM_026443778.1	3037	2618.92	17	0.4824
XM_006559882.3	4102	3683.92	0	0
XM_026443787.1	1063	644.92	0	0
XM_001121333.5	1738	1319.92	557	31.3609
XM_397473.6	1523	1104.92	39	2.6231
XM_395983.7	3265	2846.92	190	4.95974
XM_395842.6	2475	2056.92	265	9.57434
XM_001120991.5	2952	2533.92	0	0
XM_026443838.1	3216	2797.92	2	0.0531221
XM_026443848.1	1776	1357.92	1	0.0547276
XM_006569618.3	1344	925.92	18	1.44471
XM_625274.6	754	373.491	563	112.023
XM_006557392.2	5269	4850.92	41	0.628116
XM_392111.7	1595	1176.92	343	21.6585
XM_026443863.1	1346	927.92	416	33.3168
XM_016910851.2	2736	2317.92	1227	39.3393
XM_026443867.1	370	119.354	44	27.3966
XR_001702201.2	709	338.713	1	0.219406
XR_001702207.2	1102	683.92	2	0.217323
XM_392109.6	2378	1959.92	18	0.682519
XM_394140.7	670	309.416	437	104.959
XM_624431.5	1370	951.92	301	23.4988
XM_001122788.5	819	423.384	1197	210.107
XM_393033.7	2768	2349.92	45	1.42311
XM_396165.7	1938	1519.92	169	8.26316
XM_026443912.1	2641	2222.92	36	1.20354
XM_026443914.1	2471	2052.92	675	24.435
XM_026443919.1	3060	2641.92	114	3.20675
XM_001121733.5	462	168.407	256	112.969
XM_003251691.4	975	558.72	1.00499	0.133674
XM_026443925.1	797	405.679	437.995	80.2357
XM_394881.7	1769	1350.92	306	16.8334
XM_001121332.5	3379	2960.92	8	0.200791
XM_392127.7	875	470.819	600	94.7061
XM_006571688.3	1613	1194.92	194	12.0654
XM_006569574.3	2976	2557.92	31	0.900648
XR_003305763.1	956	541.322	16	2.19657
XM_006571013.3	5028	4609.92	0	0
XM_396999.7	2457	2038.92	210	7.6542
XR_003305772.1	1445	1026.92	38	2.74997
XR_001704049.2	2732	2313.92	3	0.0963504
XR_410161.2	861	458.561	7	1.13444
XR_001702282.2	1446	1027.92	0	0
XR_003305775.1	3797	3378.92	0	0
XM_001120239.5	1636	1217.92	712	43.4452
XM_395573.6	2059	1640.92	62	2.80792
XM_006560262.3	4464	4045.92	86	1.57965
XM_001121762.5	3560	3141.92	202	4.7779
XM_026443993.1	6997	6578.92	141	1.59274
XM_016913395.2	2413	1994.92	238	8.86609
XR_003305792.1	865	461.969	184	29.5996
XR_003305793.1	2010	1591.92	1	0.046683
XM_016917915.2	1515	1096.92	584	39.5657
XM_006567937.3	7378	6959.92	84	0.896924
XM_394209.7	2417	1998.92	12	0.446135
XM_394210.7	2090	1671.92	0	0
XM_392145.7	3016	2597.92	0	0
XM_026444074.1	1044	625.92	1	0.11873
XM_006567945.3	1091	672.92	0	0
XR_001704036.2	8744	8325.92	0	0
XM_395044.7	1713	1294.92	615	35.295
XM_394248.6	2212	1793.92	85	3.52125
XM_016917914.2	3943	3524.92	3	0.0632488
XM_001120029.5	1124	705.92	0	0
XR_120579.4	2305	1886.92	4	0.157539
XM_006561956.3	1311	892.92	1	0.0832277
XM_001120032.5	1959	1540.92	1	0.0482281
XM_006568593.3	2877	2458.92	34	1.02758
XM_001119847.5	2275	1856.92	397	15.8883
XM_397552.7	1854	1435.92	156	8.07374
XM_016917900.2	1450	1031.92	165	11.8828
XM_026444148.1	4313	3894.92	53	1.01125
XM_392175.7	2126	1707.92	219	9.52921
XM_006571525.3	1852	1433.92	77	3.99067
XM_006571510.3	5521	5102.92	416	6.05836
XM_006571509.3	2314	1895.92	34	1.33272
XM_006571508.3	906	497.669	370	55.2511
XM_026444278.1	2693	2274.92	90	2.94006
XM_026444283.1	1653	1234.92	722	43.4489
XM_006559860.3	2588	2169.92	83	2.84259
XM_623419.6	1361	942.92	364	28.6884
XM_624690.6	1352	933.92	1751	139.334
XM_026444306.1	2589	2170.92	0	0
XM_392816.7	1186	767.92	174	16.8389
XM_395451.7	5717	5298.92	631	8.84957
XM_006559864.3	895	487.944	3401	517.985
XM_001120419.5	906	497.669	1707	254.902
XM_396286.7	3118	2699.92	246	6.77118
XM_026444329.1	7113	6694.92	3982	44.2014
XM_006562758.3	1551	1132.92	192	12.5945
XM_006570787.3	5231	4812.92	27.0075	0.417019
XR_003305874.1	269	82.0075	0	0
XM_623505.6	3311	2892.92	10	0.256888
XM_026444413.1	822	425.901	0	0
XM_624094.6	1813	1394.92	148	7.88484
XM_001120937.5	2213	1794.92	0	0
XR_003305896.1	1874	1455.92	0	0
XM_001121362.5	2145	1726.92	29.354	1.26321
XM_006572290.3	802	409.732	593.646	107.673
XM_006570642.3	2662	2243.92	1	0.0331187
XM_016916462.2	3662	3243.92	285	6.52913
XM_003251548.4	2869	2450.92	619	18.769
XM_397073.7	2322	1903.92	18	0.702594
XM_026444515.1	5062	4643.92	278.42	4.45549
XM_016916497.2	2507	2088.92	321	11.4199
XM_026444567.1	1349	930.92	1	0.0798304
XR_003305926.1	463	169.02	666	292.831
XR_409676.3	650	294.98	0	0
XM_623997.6	993	575.447	203	26.2163
XM_395906.6	997	579.101	520	66.7313
XM_006565292.3	12833	12414.9	592	3.54371
XM_001122304.5	1950	1531.92	0	0
XM_394216.7	1221	802.92	806	74.6008
XM_001122287.5	1445	1026.92	0	0
XM_026444616.1	4114	3695.92	176.937	3.55776
XM_001122272.5	1595	1176.92	0	0
XM_001122793.5	1800	1381.92	106	5.70037
XM_394150.7	1541	1122.92	84	5.55918
XM_003251682.4	3729	3310.92	234.833	5.27098
XR_003305941.1	2681	2262.92	0	0
XM_393249.7	1249	830.92	659	58.9395
XM_026444654.1	2541	2122.92	0	0
XR_003305943.1	1273	854.92	5	0.434635
XR_003305944.1	1015	596.92	0	0
XM_026444660.1	1540	1121.92	0	0
XM_016917870.2	2112	1693.92	0	0
XM_624813.6	1581	1162.92	203	12.9726
XM_006569578.3	1313	894.92	708	58.7935
XM_016914831.2	1736	1317.92	2	0.112777
XM_026444710.1	2372	1953.92	4	0.152137
XM_393109.7	4579	4160.92	348	6.21542
XM_396912.7	2224	1805.92	168	6.91339
XM_003251133.4	1838	1419.92	253	13.2415
XM_393110.7	5295	4876.92	425	6.47625
XM_393199.6	1387	968.92	180	13.8059
XM_006558587.3	5164	4745.92	106	1.65984
XM_393422.7	2208	1789.92	213	8.84355
XM_395133.6	2966	2547.92	239	6.97096
XR_001702932.2	2734	2315.92	11	0.35298
XR_003305978.1	1165	746.92	0	0
XR_003305983.1	1423	1004.92	6	0.443711
XR_407941.3	2686	2267.92	32	1.04858
XR_407947.3	955	540.437	199	27.3646
XR_003305995.1	620	273.062	4	1.08863
XR_001702958.2	715	343.329	1	0.216456
XR_407945.3	2577	2158.92	7	0.240958
XR_003305999.1	265	80.7487	0	0
XR_001702974.2	1266	847.92	6	0.525868
XM_001119963.5	2819	2400.92	0	0
XM_026444847.1	2350	1931.92	57	2.19263
XM_016913477.2	1452	1033.92	3360	241.509
XM_624092.6	2005	1586.92	29	1.35807
XM_624065.6	1275	856.92	452	39.1993
XM_006567941.3	862	459.389	692	111.945
XM_026444872.1	1074	655.92	115	13.0295
XM_003251690.4	423	146.501	490	248.562
XM_006569544.3	1167	748.92	260	25.7999
XM_393322.7	738	361.077	1076	221.459
XM_001120268.5	3574	3155.92	54	1.27159
XM_026444897.1	2763	2344.92	4	0.126769
XM_006570813.3	2131	1712.92	3366	146.035
XM_001120484.5	2289	1870.92	125	4.96518
XM_006570810.3	3854	3435.92	1427	30.8646
XR_410093.3	1983	1564.92	226	10.7324
XM_026444929.1	1825	1406.92	34	1.79593
XM_001121025.5	859	456.867	3715	604.295
XM_624054.6	1586	1167.92	161	10.2446
XM_026444941.1	2851	2432.92	3	0.0916376
XM_001119904.4	2430	2011.92	5	0.184688
XM_001121879.5	1722	1303.92	134	7.6372
XM_395686.6	4577	4158.92	317	5.66447
XM_006570018.3	5036	4617.92	532	8.56142
XM_393144.7	2198	1779.92	96	4.00822
XM_026444994.1	2369	1950.92	2	0.0761853
XM_394997.7	1408	989.92	1730	129.875
XM_392990.7	803	410.57	2141	387.534
XM_026445009.1	903	495.073	0	0
XM_006571631.3	1127	708.92	129	13.523
XM_006571263.3	6974	6555.92	41	0.464762
XM_394163.6	14060	13641.9	748.952	4.07999
XM_395396.7	1429	1010.92	858	63.0741
XM_006559884.3	910	501.155	559	82.8935
XM_006569560.3	1496	1077.92	224	15.4434
XR_003306045.1	1309	890.92	34	2.83609
XM_396690.7	1599	1180.92	139	8.74731
XM_026445050.1	1562	1143.92	258	16.7612
XM_006561912.3	567	234.92	1362	430.861
XM_001122067.5	1494	1075.92	12	0.828861
XM_006570780.3	1404	985.92	74	5.5779
XM_624361.6	997	579.101	16	2.05327
XM_016911569.2	5166	4747.92	127	1.98784
XM_026445097.1	2977	2558.92	55	1.5973
XM_395448.7	2774	2355.92	375	11.8291
XM_006570795.3	1824	1405.92	8	0.422873
XM_001120845.5	879	474.352	857	134.264
XM_006570797.3	2217	1798.92	257	10.617
XM_006570798.3	1083	664.92	1448	161.838
XM_006570003.3	5034	4615.92	17	0.273698
XR_003306060.1	846	445.815	0	0
XM_006561948.3	2143	1724.92	59	2.54193
XM_003251362.4	4349	3930.92	1652	31.2317
XR_411593.3	471	173.584	28	11.9875
XR_003306078.1	3423	3004.92	13	0.321507
XM_624519.5	947	533.247	630	87.7997
XM_016912388.2	467	171.304	35	15.1838
XM_006569621.3	4922	4503.92	483	7.96961
XM_624498.6	1166	747.92	1907	189.485
XM_006569633.3	1910	1491.92	211	10.5104
XM_026445202.1	375	121.88	62	37.8041
XM_006570115.3	720	347.163	1766	378.04
XM_026445217.1	3161	2742.92	0	0
XM_026445226.1	2271	1852.92	114	4.57224
XM_026445234.1	4312	3893.92	6	0.11451
XM_001119900.5	755	374.288	1224	243.028
XM_026445247.1	1528	1109.92	178	11.9181
XM_006570004.3	406	138.911	293	156.751
XR_003306101.1	2649	2230.92	0	0
XR_003306102.1	1746	1327.92	0	0
XR_003306103.1	3410	2991.92	1	0.0248388
XM_006561922.3	1173	754.92	2	0.196884
XM_001120526.5	1326	907.92	59	4.82931
XM_026445266.1	3686	3267.92	68.0483	1.54749
XR_003306107.1	2588	2169.92	491	16.8158
XR_410091.3	1202	783.92	421	39.9108
XM_006568594.3	792	401.794	237	43.8354
XM_006571337.3	2241	1822.92	9	0.366906
XM_001120889.5	623	275.223	1669	450.663
XM_001119962.5	7015	6596.92	1649	18.5763
XM_016912812.2	1365	946.92	0	0
XM_026445345.1	1301	882.92	300	25.2511
XR_001703514.2	1826	1407.92	26	1.37238
XR_001703523.2	1090	671.92	6	0.663612
XM_026445349.1	918	507.94	544	79.5916
XM_003251458.4	1134	715.92	23	2.3875
XM_026445359.1	3442	3023.92	4	0.0983038
XM_001119966.5	4335	3916.92	29.0479	0.551125
XM_016913622.2	7612	7193.92	142	1.46691
XM_016913580.2	3792	3373.92	45	0.991193
XM_016913581.2	1347	928.92	114	9.12025
XR_411776.3	2260	1841.92	6	0.242081
XR_003306133.1	1693	1274.92	38	2.21504
XR_003306135.1	1843	1424.92	0	0
XR_001704023.2	3392	2973.92	2	0.0499783
XR_003306138.1	128	27.2041	0	0
XM_003251731.4	645	291.13	1	0.255266
XM_001122092.5	4846	4427.92	575	9.65047
XM_006571296.3	4081	3662.92	98	1.98829
XM_397017.6	3211	2792.92	0	0
XM_026445452.1	4056	3637.92	0	0
XM_003251365.3	1486	1067.92	5	0.347946
XM_026445456.1	2781	2362.92	8	0.251606
XM_006564978.3	4737	4318.92	93	1.60025
XM_006564979.3	3330	2911.92	58	1.48023
XM_394219.6	2139	1720.92	210	9.06857
XM_003250521.4	2996	2577.92	1.79548	0.0517596
XM_006564983.3	3074	2655.92	1	0.0279811
XM_003250519.4	3978	3559.92	0	0
XM_394221.6	2861	2442.92	2	0.0608417
XM_006564986.3	3187	2768.92	301	8.07861
XM_026445535.1	3222	2803.92	0	0
XR_003306160.1	1408	989.92	6	0.450434
XR_003306161.1	671	310.255	47	11.258
XM_006570116.3	870	466.438	0	0
XM_016914792.2	1992	1573.92	4	0.188868
XM_006570121.3	1154	735.92	0	0
XM_006570119.3	1279	860.92	0	0
XR_003306163.1	386	127.648	0	0
XM_003251590.4	1787	1368.92	5	0.271439
XM_006562777.3	2788	2369.92	2	0.0627158
XR_003306165.1	2446	2027.92	6	0.219878
XR_409546.3	1705	1286.92	0	0
XM_001121365.5	1600	1181.92	34	2.13782
XR_003306169.1	4581	4162.92	31	0.553406
XM_003249940.4	1966	1547.92	113	5.42513
XM_003249936.4	3582	3163.92	45	1.05698
XM_026445618.1	901	493.313	380	57.2456
XM_624227.6	1599	1180.92	316	19.886
XM_026445632.1	3759	3340.92	109	2.4246
XM_003249937.4	2209	1790.92	199	8.25767
XM_624294.6	1721	1302.92	284	16.1987
XM_624278.6	2207	1788.92	428	17.7801
XM_624461.6	1613	1194.92	128	7.96071
XR_003306182.1	5977	5558.92	19	0.254006
XR_003306183.1	556	227.136	0	0
XM_016914102.2	10850	10431.9	741	5.27879
XM_001120208.5	2940	2521.92	2	0.0589358
XM_001120698.5	2796	2377.92	1	0.0312524
XM_397512.5	670	309.416	173	41.5513
XM_392652.7	4975	4556.92	1693	27.61
XM_026445729.1	9815	9396.92	115	0.909479
XM_006571594.3	559	229.075	1052	341.286
XM_026445763.1	362	125.2	0	0
XM_006570118.3	2368	1949.92	0	0
XM_026445773.1	2158	1739.92	87.7104	3.7463
XR_001706492.2	2105	1686.92	0	0
XR_412201.3	4434	4015.92	3	0.0555158
XM_006571530.3	6974	6555.92	1592	18.0464
XR_412200.3	3979	3560.92	1	0.0208698
XM_026445792.1	13193	12774.9	712.228	4.14325
XR_003306290.1	778	390.487	0	0
XR_411914.3	1149	730.92	5	0.508371
XR_003306294.1	658	300.836	0	0
XM_624420.6	2293	1874.92	270.584	10.7251
XM_006570091.3	3407	2988.92	320	7.95639
XM_396451.7	2864	2445.92	34	1.03304
XM_026445848.1	2929	2510.92	0	0
XM_026445850.1	1223	804.92	2	0.184654
XM_006570090.3	2951	2532.92	2413	70.7972
XM_006570089.3	895	487.944	347	52.8494
XM_001119937.5	770	385.61	1967	379.085
XM_026445868.1	251	74.4984	0	0
XM_026445869.1	3304	2885.92	494.416	12.7318
XR_003306334.1	1318	899.92	2	0.165161
XM_006563239.3	5610	5191.92	143	2.04686
XM_026445926.1	1280	861.92	1	0.0862211
XR_001704162.2	5657	5238.92	132	1.87246
XR_120118.4	994	576.375	45	5.80213
XR_003306350.1	2028	1609.92	0	0
XR_409626.3	970	554.138	25	3.35276
XR_409612.3	1515	1096.92	513	34.7554
XR_412473.3	664	305.268	3	0.730332
XR_409617.3	1014	595.92	51	6.36008
XR_003306374.1	1576	1157.92	0	0
XM_395554.5	8057	7638.92	138	1.34254
XM_003251709.4	4297	3878.92	142	2.72056
XM_624275.5	2155	1736.92	77	3.29451
XM_026445999.1	2225	1806.92	63	2.59109
XM_001121032.5	2906	2487.92	19	0.567541
XM_016911959.2	4550	4131.92	33	0.59353
XM_026446003.1	11670	11251.9	142	0.937869
XM_396281.7	2926	2507.92	5	0.148162
XR_120122.4	2076	1657.92	12	0.537896
XR_003306471.1	1268	849.92	16	1.39901
XM_003250185.4	1226	807.92	3	0.275952
XM_016911847.2	4767	4348.92	35	0.598091
XM_016911869.2	2605	2186.92	8	0.271855
XM_026446017.1	1026	607.92	24	2.9339
XM_016911899.2	551	223.821	0	0
XR_001702809.2	2878	2459.92	50	1.51053
XR_003306473.1	1712	1293.92	6	0.344607
XR_001702807.2	469	172.375	0	0
XR_003306475.1	774	388.788	50	9.55734
XR_409641.3	1773	1354.92	1	0.0548488
XR_003306476.1	1010	591.92	54	6.77971
XR_003306477.1	719	346.384	0	0
XM_016914689.2	2384	1965.92	287	10.8492
XM_001122463.5	3155	2736.92	22	0.597367
XM_006565311.3	3613	3194.92	4166	96.9036
XM_016914712.2	2405	1986.92	159	5.94699
XM_006565307.3	1735	1316.92	422	23.8141
XM_026446023.1	1624	1205.92	2	0.123251
XM_016914732.2	1091	672.92	0	0
XM_003250569.4	830	432.602	245	42.088
XM_026446029.1	1091	672.92	0	0
XR_003306478.1	2254	1835.92	0	0
XM_026446031.1	3268	2849.92	14	0.36507
XR_407901.3	4784	4365.92	44	0.748958
XR_407902.3	899	491.501	9	1.36081
XM_006558552.3	2772	2353.92	68	2.14683
XR_001702156.2	8148	7729.92	8.13266	0.0781876
XR_003306491.1	1464	1045.92	3	0.213159
XR_001702158.2	1399	980.92	2	0.151522
XM_006558620.3	2503	2084.92	148	5.27537
XM_003249303.4	2094	1675.92	107	4.74472
XM_026446037.1	2288	1869.92	164	6.5178
XM_003249306.4	2256	1837.92	40	1.61739
XM_026446049.1	2361	1942.92	72	2.75396
XM_006558574.3	1149	730.92	278	28.2654
XM_026446050.1	1143	724.92	0	0
XM_003249309.4	1144	725.92	123	12.5921
XM_026446051.1	7618	7199.92	42	0.433513
XM_026446052.1	2103	1684.92	83	3.66083
XM_392157.6	5834	5415.92	203.061	2.78634
XM_026446056.1	2232	1813.92	20	0.819393
XR_409462.3	5158	4739.92	0	0
XR_409469.3	4865	4446.92	0	0
XR_409475.3	768	384.003	3	0.580586
XR_001704122.2	503	193.063	2	0.769858
XR_409472.3	1067	648.92	0	0
XR_409477.3	257	76.9359	22	21.2507
XR_003306501.1	1984	1565.92	0	0
XM_001122019.5	1220	801.92	1156	107.129
XM_026446057.1	3614	3195.92	236	5.48778
XM_016915682.2	2141	1722.92	2873	123.923
XM_396091.7	1590	1171.92	163	10.3364
XM_624170.6	1281	862.92	536	46.1609
XM_003251457.4	1861	1442.92	1	0.0515037
XM_026446065.1	3033	2614.92	284	8.07124
XM_006569995.3	2473	2054.92	178	6.43733
XM_003251434.4	1530	1111.92	295	19.7165
XM_006571417.3	4131	3712.92	2	0.0400309
XM_006571433.3	6334	5915.92	103	1.29388
XM_006571429.3	3003	2584.92	122	3.50746
XM_001121473.5	4272	3853.92	60	1.15699
XR_001702238.2	1126	707.92	0	0
XR_412192.3	197	51.405	7	10.1198
XM_006564975.3	2973	2554.92	74	2.15246
XM_001120149.5	1604	1185.92	812	50.884
XR_409602.3	2242	1823.92	0	0
XR_001706346.2	1393	974.92	1	0.0762275
XR_001706347.2	1045	626.92	0	0
XM_006571020.3	6305	5886.92	353	4.45622
XM_001122271.5	3144	2725.92	278.519	7.59317
XM_026446104.1	7543	7124.92	54	0.563241
XM_006571371.3	1598	1179.92	1742	109.718
XM_006571367.3	8362	7943.92	102	0.954214
XM_006571365.3	1411	992.92	0	0
XM_006571364.3	738	361.077	340	69.9777
XM_624279.6	817	421.61	399	70.3303
XM_624297.6	1056	637.92	778	90.6346
XM_003251693.4	1038	619.92	21	2.51747
XM_003251673.4	4614	4195.92	26	0.460497
XM_001120969.5	6172	5753.92	91.0024	1.17536
XM_006571382.3	1612	1193.92	128	7.96737
XM_394152.7	1262	843.92	808	71.1526
XM_624546.6	3010	2591.92	151	4.32948
XM_016917950.2	3507	3088.92	11	0.264647
XM_396056.7	3841	3422.92	127	2.75732
XM_016917991.2	1135	716.92	1226	127.087
XR_412141.3	3736	3317.92	11	0.246381
XM_395654.7	4553	4134.92	595	10.6938
XM_006570623.3	4456	4037.92	613	11.2819
XM_003251546.4	1540	1121.92	15	0.993596
XM_026446108.1	1752	1333.92	56	3.11989
XR_003306510.1	507	195.421	194	73.7753
XM_006571389.3	5929	5510.92	335.591	4.5255
XM_623602.5	2608	2189.92	610	20.7006
XM_395724.7	2664	2245.92	91	3.01112
XM_026446109.1	1338	919.92	284	22.9429
XM_016915335.2	1351	932.92	29	2.31012
XM_623755.6	1044	625.92	8	0.949842
XM_397116.7	3275	2856.92	34	0.884425
XM_016913441.2	7488	7069.92	164	1.72389
XM_006570821.3	2435	2016.92	294	10.8328
XM_003251575.4	1273	854.92	367	31.9022
XM_026446114.1	5686	5267.92	28	0.395002
XR_003306513.1	1077	658.92	4	0.451136
XM_397092.6	4885	4466.92	667.937	11.1124
XM_026446122.1	4674	4255.92	150	2.61926
XM_006568607.3	4668	4249.92	260	4.54646
XM_006568616.3	1765	1346.92	693	38.2359
XM_006568615.3	4697	4278.92	555.749	9.65217
XM_006569613.3	4393	3974.92	156	2.9166
XM_016915453.2	3270	2851.92	1900	49.5104
XM_026446132.1	3472	3053.92	146	3.55284
XM_006563246.3	10089	9670.92	620	4.76436
XR_003306515.1	1586	1167.92	0	0
XM_397003.7	8749	8330.92	126	1.12398
XM_001120030.5	4837	4418.92	28	0.470893
XM_623601.5	936	523.612	605	85.8669
XR_003306516.1	797	405.679	0	0
XM_026446135.1	52930	52511.9	3084	4.36452
XM_026446141.1	15295	14876.9	283.433	1.41585
XM_006571319.3	2803	2384.92	2	0.0623213
XM_026446144.1	5086	4667.92	67	1.06667
XM_396469.5	3839	3420.92	413	8.97196
XM_623675.6	3382	2963.92	563	14.1163
XM_001120805.5	1331	912.92	101	8.22184
XM_006571132.3	2213	1794.92	0	0
XM_026446146.1	2291	1872.92	181	7.18191
XM_006569558.3	2108	1689.92	470	20.6687
XM_016916234.2	5070	4651.92	43	0.686937
XM_624745.6	2642	2223.92	119	3.97657
XM_026446158.1	2551	2132.92	853	29.7204
XM_392604.7	780	392.091	846	160.348
XM_396993.7	1532	1113.92	1062	70.8518
XM_003251721.4	1883	1464.92	65	3.29746
XM_393536.6	1194	775.92	84	8.04531
XM_006571632.3	4880	4461.92	120	1.99866
XM_395017.7	826	429.287	259	44.8366
XM_003251740.3	5813	5394.92	541	7.45234
XM_026446161.1	3946	3527.92	2	0.04213
XM_026446163.1	1865	1446.92	11	0.564974
XM_394160.6	2128	1709.92	3	0.130384
XM_026446164.1	813	418.32	131	23.2725
XM_006571272.3	2448	2029.92	476	17.4264
XM_026446166.1	1702	1283.92	117	6.77218
XM_026446170.1	6325	5906.92	197.01	2.47861
XM_016917454.2	1710	1291.92	12	0.690281
XM_624825.6	1525	1106.92	912	61.2293
XM_026446173.1	1282	863.92	784	67.4408
XM_001119897.5	681	317.178	80	18.7442
XM_026446178.1	4049	3630.92	223	4.56424
XM_003251734.4	5247	4828.92	191	2.93943
XM_006571742.3	3868	3449.92	6.38182	0.137472
XM_006571697.3	3393	2974.92	11	0.274788
XM_003251743.4	648	293.528	0	0
XR_003306522.1	3253	2834.92	0	0
XM_006570122.3	2483	2064.92	4	0.143958
XM_396685.7	2981	2562.92	126	3.65356
XM_396686.6	1183	764.92	83	8.06385
XM_003251441.4	895	487.944	0	0
XM_026446189.1	3292	2873.92	1557	40.2619
XM_393236.7	2083	1664.92	232	10.3556
XR_411772.3	213	58.4191	220	279.865
XM_003249312.4	1975	1556.92	646	30.8352
XR_003306523.1	203	54.0266	0	0
XM_006558583.3	6283	5864.92	325	4.11815
XM_026446194.1	2383	1964.92	185	6.99693
XM_623599.6	1441	1022.92	221	16.0558
XM_006558581.3	895	487.944	104	15.8396
XM_016917460.2	1006	587.92	272	34.382
XM_006572217.2	3312	2893.92	393	10.0922
XM_016917494.2	3376	2957.92	1135	28.5161
XM_026446200.1	2247	1828.92	116	4.7135
XM_001122093.5	2382	1963.92	120	4.54086
XM_392174.7	2019	1600.92	228	10.5839
XM_392808.7	2213	1794.92	134	5.54805
XM_006571483.3	1170	751.92	36	3.55804
XM_006571480.3	731	355.752	1568	327.551
XM_026446208.1	7266	6847.92	15.0514	0.163342
XM_624228.6	2982	2563.92	576	16.6955
XM_006570831.3	3408	2989.92	432	10.7375
XM_393509.7	1747	1328.92	2147	120.064
XM_006570830.3	1478	1059.92	368	25.8021
XM_026446211.1	3906	3487.92	167	3.5582
XM_393186.7	2775	2356.92	112	3.53145
XM_003251579.4	851	450.155	1668	275.369
XM_006570836.3	699	330.571	1020	229.306
XM_001120132.5	635	283.496	279	73.1371
XM_001120346.5	545	219.711	973	329.111
XM_003251578.4	913	503.606	4805	709.059
XM_003251576.4	542	217.781	11873	4051.55
XM_001120186.5	488	183.838	112	45.2754
XM_006570837.3	7431	7012.92	751.981	7.96871
XM_001122509.5	1231	812.92	428	39.127
XM_006557358.3	1684	1265.92	1122	65.8669
XM_001120893.5	4830	4411.92	2845	47.922
XM_006571686.3	4289	3870.92	290	5.56755
XM_623634.6	2111	1692.92	401	17.6031
XM_016915111.2	616	270.093	33	9.07991
XM_026446219.1	8523	8104.92	45	0.412614
XM_624118.6	1343	924.92	573	46.0395
XM_006570071.3	3051	2632.92	389	10.9797
XM_397439.7	4352	3933.92	61	1.15235
XM_026446225.1	14474	14055.9	560	2.9608
XM_006557369.3	5530	5111.92	130	1.8899
XM_003249064.4	4011	3592.92	127	2.62686
XM_016910677.2	4544	4125.92	254	4.57502
XM_016910683.2	2164	1745.92	4	0.170261
XM_001120565.5	1474	1055.92	1.23028	0.086587
XM_006557374.3	1791	1372.92	0	0
XM_026446244.1	3023	2604.92	20	0.570579
XR_001704910.2	1036	617.92	2	0.240535
XR_003306524.1	3867	3448.92	0	0
XR_003306525.1	454	163.638	3	1.36244
XR_411095.3	4603	4184.92	0	0
XR_003306526.1	6306	5887.92	0	0
XM_001122450.5	2365	1946.92	411	15.6882
XM_006565305.3	987	569.949	0	0
XM_001120512.5	5090	4671.92	247	3.929
XR_003306527.1	1397	978.92	3	0.227748
XM_026446250.1	4618	4199.92	37	0.654698
XM_026446251.1	5290	4871.92	768	11.715
XM_026446256.1	594	253.673	0	0
XM_026446257.1	3403	2984.92	21	0.522838
XM_026446258.1	5004	4585.92	201	3.25724
XM_026446259.1	533	211.945	524	183.733
XM_006558622.3	684	319.181	8	1.86266
XM_026446260.1	1662	1243.92	0	0
XM_016917815.2	1961	1542.92	69	3.32343
XM_026446261.1	1030	611.92	1	0.121447
XM_026446262.1	2034	1615.92	724	33.2965
XM_026446263.1	1392	973.92	1	0.0763057
XM_001121554.5	1305	886.92	255	21.3666
XM_026446264.1	3593	3174.92	1	0.0234071
XM_006569620.3	3476	3057.92	152	3.69401
XM_026446265.1	1117	698.92	0	0
XM_026446266.1	3138	2719.92	63	1.72133
XM_026446267.1	2226	1807.92	1081	44.4352
XM_026446268.1	12033	11614.9	1156	7.39643
XR_001705418.2	3825	3406.92	2	0.0436263
XR_003306530.1	865	461.969	10	1.60867
XM_026446270.1	798	406.362	0	0
XM_006562764.3	3698	3279.92	726	16.4495
XR_003306533.1	926	515.123	8	1.15414
XM_006570709.3	5004	4585.92	202	3.27345
XM_396819.7	1956	1537.92	101	4.88054
XM_026446273.1	1390	971.92	1406	107.507
XM_006570714.3	1779	1360.92	501	27.3581
XM_026446274.1	399	135.277	0	0
XM_001122237.5	3011	2592.92	0	0
XM_026446275.1	596	255.193	0	0
XM_026446276.1	5602	5183.92	2	0.0286716
XM_026446277.1	4193	3774.92	0	0
XM_001121619.5	1264	845.92	184	16.1647
XM_001123230.5	2126	1707.92	0	0
XM_396230.6	12851	12432.9	612.149	3.65902
XM_392117.7	1604	1185.92	314	19.6768
XM_026446278.1	2134	1715.92	0	0
XM_397273.7	4148	3729.92	1046	20.8407
XM_026446281.1	865	461.969	0	0
XM_026446282.1	2970	2551.92	270	7.8628
XM_393487.7	1476	1057.92	94	6.60322
XM_026446283.1	914	504.466	0	0
XM_026446284.1	9637	9218.92	508.304	4.09754
XM_026446292.1	3253	2834.92	45	1.17965
XM_026446293.1	3195	2776.92	837	22.3997
XM_016914622.2	1985	1566.92	1473	69.8612
XM_006568544.3	2370	1951.92	8	0.304585
XR_003306539.1	6731	6312.92	3.00321	0.0353537
XR_003306540.1	5496	5077.92	3	0.0439052
XM_006570005.3	2779	2360.92	416	13.0946
XM_393349.7	2504	2085.92	50	1.78136
XM_623800.6	1426	1007.92	172	12.6819
XM_026446299.1	1290	871.92	414	35.2861
XM_026446300.1	657	300.129	1183	292.925
XM_392626.7	1228	809.92	554	50.8333
XM_026446301.1	667	307.359	0	0
XM_026446302.1	1554	1135.92	0	0
XM_623949.6	4183	3764.92	564	11.1328
XM_623972.6	1447	1028.92	325.402	23.5028
XM_026446303.1	4256	3837.92	60	1.16181
XM_026446304.1	3405	2986.92	0	0
XM_026446306.1	5767	5348.92	25.1759	0.349784
XM_026446311.1	1938	1519.92	328	16.0374
XM_026446312.1	1114	695.92	0	0
XM_026446313.1	505	194.198	0	0
XM_026446314.1	756	375.013	0	0
XM_026446315.1	4017	3598.92	137	2.82897
XM_006571406.3	1118	699.92	1	0.106177
XM_016916219.2	1246	827.92	713	64.0002
XM_026446317.1	1543	1124.92	78	5.15292
XM_026446318.1	574	239.741	24	7.43958
XM_026446319.1	813	418.32	15	2.66479
XM_026446320.1	1513	1094.92	26	1.7647
XM_016916486.2	666	306.741	523	126.71
XM_397511.7	3479	3060.92	19	0.461298
XM_624394.5	872	468.12	463	73.5029
XM_001121501.5	1544	1125.92	384	25.3457
XR_003306544.1	2086	1667.92	0	0
XM_016916682.2	3537	3118.92	535	12.7476
XM_026446324.1	2506	2087.92	95	3.38135
XM_016917825.2	1544	1125.92	8	0.528035
XM_016917824.2	1510	1091.92	113	7.69074
XM_026446328.1	5668	5249.92	951	13.462
XM_026446329.1	3096	2677.92	26	0.721533
XM_026446330.1	852	451.027	1	0.16477
XM_026446333.1	719	346.384	0	0
XM_624067.5	977	560.593	686	90.9403
XM_026446334.1	1588	1169.92	807	51.2623
XR_003306545.1	860	457.685	2	0.324746
XM_001121500.5	2226	1807.92	163	6.70022
XM_006568560.2	1167	748.92	58	5.75537
XM_001121556.5	666	306.741	704	170.562
XR_001705551.2	1426	1007.92	0	0
XM_006568561.3	6902	6483.92	9	0.103154
XM_006568563.3	930	518.561	712	102.038
XM_026446339.1	675	313.081	395	93.7606
XM_006571165.3	6705	6286.92	2424.96	28.6647
XM_016915875.2	6788	6369.92	10	0.116667
XM_394201.6	4708	4289.92	40	0.692933
XM_006569604.3	2018	1599.92	1064	49.4224
XM_016916282.2	800	408.061	0	0
XM_006569612.3	976	559.657	15	1.99182
XR_120493.4	2681	2262.92	15	0.492609
XR_001705584.2	1711	1292.92	0	0
XR_001705587.2	491	185.795	0	0
XR_001705586.2	1275	856.92	13	1.12741
XM_006571091.3	1025	606.92	2623	321.179
XM_394179.7	1946	1527.92	414	20.1363
XM_001121180.4	3099	2680.92	610	16.9093
XM_016917335.2	2637	2218.92	28	0.937771
XM_016917842.2	3425	3006.92	1	0.0247149
XM_016917341.2	1318	899.92	1	0.0825803
XR_003306547.1	2890	2471.92	28	0.841791
XR_003306548.1	75	14.1012	0	0
XR_003306549.1	164	36.0063	0	0
XR_003306550.1	164	36.0063	0	0
XR_003306551.1	216	59.9299	0	0
XR_003306552.1	141	25.6806	0	0
XM_003249263.4	8929	8510.92	86	0.750935
XR_003305383.1	2511	2092.92	57	2.02396
XM_006558822.3	3944	3525.92	164.003	3.45668
XR_003305385.1	10862	10443.9	0	0
XM_026443095.1	1887	1468.92	34	1.72013
XM_026443096.1	4361	3942.92	113.207	2.13371
XM_026443098.1	2444	2025.92	780	28.6123
XM_026443099.1	2658	2239.92	459	15.2286
XM_006569646.3	1899	1480.92	5	0.25091
XM_026443101.1	1132	713.92	24	2.49829
XM_003250089.4	870	466.438	0	0
XM_026443102.1	1066	647.92	561	64.3461
XM_026443104.1	8072	7653.92	2523.91	24.5059
XM_026443121.1	4169	3750.92	142	2.8134
XM_026443123.1	1581	1162.92	100	6.39044
XM_392683.6	2106	1687.92	19	0.836531
XM_395159.5	1192	773.92	107	10.2747
XM_001121369.5	670	309.416	93	22.3368
XR_001704586.2	886	480.235	59	9.13017
XM_006562887.3	3742	3323.92	146	3.26424
XM_006572462.3	648	293.528	2032	514.463
XM_624095.5	4582	4163.92	22.2287	0.396727
XM_003250432.4	1080	661.92	2364	265.413
XM_001120034.5	526	207.595	419	149.995
XM_006562854.3	1616	1197.92	534	33.1279
XM_395766.7	1769	1350.92	476	26.1853
XM_003250121.4	1296	877.92	550	46.5573
XM_026443134.1	3966	3547.92	213	4.46155
XM_026443135.1	1884	1465.92	136	6.8946
XM_026443137.1	1797	1378.92	152	8.19191
XM_026443140.1	1468	1049.92	373	26.4018
XM_006566073.3	12467	12048.9	411.189	2.53615
XM_006566072.3	3200	2781.92	63	1.68297
XM_026443142.1	361	124.937	33	19.6292
XR_001704410.2	5632	5213.92	88	1.25429
XR_001704424.2	1570	1151.92	336	21.6769
XR_120289.4	1033	614.92	2	0.241708
XR_003305402.1	1041	622.92	0	0
XR_003305403.1	568	235.623	251	79.1656
XM_006566075.3	2436	2017.92	51	1.87822
XM_006566077.3	3239	2820.92	118	3.10865
XM_393678.6	1333	914.92	411	33.3841
XR_001704408.2	261	78.7487	16	15.0993
XM_006566080.3	4310	3891.92	253	4.831
XM_393661.7	8860	8441.92	2318	20.4058
XM_391824.6	3413	2994.92	193	4.78908
XR_001704393.2	1976	1557.92	1849	88.2007
XM_001120810.5	2699	2280.92	378	12.3158
XM_006569137.3	785	395.985	93	17.4536
XM_016914292.2	814	419.117	0	0
XM_391822.7	735	358.809	691	143.118
XM_003250119.4	564	232.722	138	44.0678
XM_006562841.3	3918	3499.92	176	3.7371
XM_001121833.5	3575	3156.92	249	5.8616
XM_393720.7	1243	824.92	52	4.68459
XM_003250120.4	517	201.625	3042	1121.23
XM_397488.7	2116	1697.92	84	3.67657
XM_393673.6	2354	1935.92	55	2.11133
XR_003305405.1	1420	1001.92	199	14.7605
XM_006562886.3	7433	7014.92	63.0145	0.667573
XM_026443151.1	8147	7728.92	8.03853	0.0772927
XM_003251277.4	5280	4861.92	75	1.14639
XM_026443158.1	1989	1570.92	117	5.53493
XR_411389.3	3552	3133.92	61	1.44651
XM_623891.5	1843	1424.92	356	18.5669
XM_016914500.2	1262	843.92	700	61.6421
XM_393006.7	1462	1043.92	207	14.7361
XM_026443159.1	3940	3521.92	179	3.77706
XM_391844.6	2064	1645.92	1447	65.3341
XM_006566210.3	3011	2592.92	177	5.073
XR_410531.3	2198	1779.92	1	0.0417523
XM_391850.6	4111	3692.92	2489	50.0882
XM_397567.7	1411	992.92	3834	286.958
XM_006569174.3	3084	2665.92	385	10.7323
XM_006564484.3	8762	8343.92	104	0.926283
XM_624381.6	3149	2730.92	926	25.1989
XM_026443169.1	1163	744.92	56	5.58674
XM_624335.6	1229	810.92	595	54.528
XM_026443170.1	2935	2516.92	56	1.65348
XM_026443171.1	2665	2246.92	0	0
XM_396202.7	2590	2171.92	749	25.6282
XM_026443175.1	1651	1232.92	415	25.0146
XM_006562813.3	1323	904.92	171	14.0432
XM_026443178.1	478	177.643	363	151.859
XM_006562802.3	4689	4270.92	100	1.74004
XM_395559.7	4105	3686.92	555	11.1869
XM_396093.7	3777	3358.92	42	0.929245
XM_016914318.2	1867	1448.92	20	1.02581
XM_006562808.3	1632	1213.92	255	15.611
XM_006562807.3	1635	1216.92	255	15.5725
XM_006562812.3	1162	743.92	203	20.2792
XM_006562803.3	677	314.573	205	48.4298
XM_624876.6	731	355.752	2489	519.945
XM_003250137.4	821	425.079	26	4.54553
XM_026443181.1	2099	1680.92	595	26.3057
XM_016914424.2	1858	1439.92	436	22.5024
XM_624932.5	1284	865.92	36	3.08962
XM_003250783.4	549	222.42	768	256.606
XM_001121936.5	2671	2252.92	124.873	4.11911
XR_001704591.2	1917	1498.92	105	5.20585
XM_006562343.3	2590	2171.92	7487	256.18
XM_624144.5	597	255.928	2599	754.69
XM_026443185.1	5038	4619.92	557	8.95986
XM_003250419.4	889	482.694	174	26.7891
XM_016914420.2	4789	4370.92	120	2.04028
XR_003305419.1	2461	2042.92	266.008	9.67664
XM_396024.7	2989	2570.92	17	0.491406
XM_393038.7	1675	1256.92	690	40.7964
XM_006565517.3	1526	1107.92	102	6.84183
XM_016914462.2	3153	2734.92	577.817	15.701
XR_001704540.2	2222	1803.92	0	0
XR_003305420.1	1331	912.92	1	0.0814044
XR_003305421.1	1209	790.92	8	0.751688
XM_003251854.4	616	270.093	0	0
XM_026443190.1	2001	1582.92	135	6.33804
XM_395122.5	1136	717.92	1631	168.833
XM_006562362.3	2171	1752.92	494	20.9433
XR_001704609.2	2362	1943.92	174	6.65199
XM_006566183.3	3281	2862.92	40	1.03832
XM_006566184.3	938	525.387	2	0.282899
XR_410502.3	1959	1540.92	45	2.17027
XR_001704390.2	186	46.51	2	3.19569
XM_003250766.4	1498	1079.92	437	30.0726
XR_001704377.2	1165	746.92	16	1.59194
XM_006560432.3	1207	788.92	81	7.63014
XM_016914479.2	5816	5397.92	79	1.08763
XM_026443199.1	6766	6347.92	306	3.58237
XM_001121067.5	4040	3621.92	108	2.21598
XM_001120993.5	2533	2114.92	44	1.54611
XM_001120897.5	1475	1056.92	403	28.3363
XM_026443202.1	1872	1453.92	0	0
XM_001120852.5	987	569.949	0	0
XM_003249957.4	1866	1447.92	0	0
XR_001704441.2	592	252.3	0	0
XR_003305424.1	614	268.673	0	0
XR_001704442.2	291	91.7561	0	0
XM_026443204.1	6209	5790.92	0	0
XM_393642.7	4514	4095.92	159	2.88487
XR_409287.3	238	69.0688	1	1.07597
XM_624765.5	1440	1021.92	1404	102.101
XM_016917365.2	2358	1939.92	268	10.2667
XM_001122979.5	1999	1580.92	161	7.56827
XM_006572072.3	702	333.031	183	40.8364
XM_006572073.3	763	380.054	1733	338.871
XM_001120319.5	1250	831.92	47	4.19852
XM_026443206.1	3241	2822.92	61	1.60587
XM_625014.5	578	242.434	1462	448.161
XM_003250737.4	3029	2610.92	64	1.82166
XM_393059.7	658	300.836	661	163.287
XM_016914481.2	1150	731.92	1509	153.217
XM_006562788.3	6255	5836.92	203	2.5846
XM_393713.5	4041	3622.92	0	0
XM_016914369.2	4805	4386.92	491	8.31768
XM_016914372.2	1867	1448.92	236	12.1045
XM_624229.6	1228	809.92	3539	324.727
XM_016914220.2	892	485.335	9	1.3781
XM_001122185.4	811	416.845	167	29.773
XM_624179.6	740	362.551	1548	317.309
XM_623890.5	1188	769.92	343	33.1077
XM_006558227.3	4833	4414.92	107	1.80111
XM_006558235.3	1070	651.92	8	0.911961
XR_003305425.1	841	441.614	0	0
XM_001121476.5	1832	1413.92	217	11.4055
XM_001121503.5	1947	1528.92	2468	119.961
XM_001119906.5	8283	7864.92	114	1.07719
XM_026443210.1	1780	1361.92	175	9.5492
XM_026443211.1	1468	1049.92	8	0.566258
XM_026443212.1	2802	2383.92	24	0.748169
XM_016914235.2	1872	1453.92	0	0
XR_411426.3	353	121.032	0	0
XM_016914593.2	1882	1463.92	14	0.710708
XM_006569156.3	4235	3816.92	32	0.623042
XM_006571819.3	5161	4742.92	49	0.767769
XR_003305427.1	713	341.763	6.73945	1.46548
XM_393004.7	3346	2927.92	243	6.16776
XM_003250427.4	2362	1943.92	79	3.02015
XM_026443216.1	1706	1287.92	107	6.17412
XM_006564464.3	1266	847.92	149	13.0591
XM_006564457.3	11742	11323.9	438	2.87447
XM_006564456.3	7949	7530.92	1069	10.549
XM_623117.6	2558	2139.92	1142	39.6597
XM_392715.7	2078	1659.92	194	8.6855
XM_006564486.3	1647	1228.92	9	0.544251
XM_395221.7	2076	1657.92	197	8.83045
XM_006566043.3	2036	1617.92	41	1.88325
XM_026443223.1	1770	1351.92	128	7.03622
XM_016914502.2	1398	979.92	236	17.8979
XM_623980.6	1108	689.92	938	101.038
XM_006565544.3	2326	1907.92	240	9.34828
XM_006565542.3	2903	2484.92	0	0
XR_001704610.2	3769	3350.92	170	3.77021
XM_006559983.3	5806	5387.92	492	6.78616
XM_026443226.1	1460	1041.92	5733	408.91
XM_006569649.3	4191	3772.92	53	1.04395
XM_016914239.2	619	272.264	155	42.3079
XM_006566033.3	1624	1205.92	348	21.4457
XM_026443228.1	6373	5954.92	30	0.374391
XM_016914269.2	3862	3443.92	163	3.51734
XM_016914270.2	2455	2036.92	187	6.82257
XM_393688.6	2550	2131.92	35	1.22005
XM_624349.5	3141	2722.92	2	0.0545853
XM_393689.6	1648	1229.92	54	3.26285
XM_623047.6	961	545.967	1547	210.574
XR_003305430.1	1629	1210.92	426	26.1442
XM_006564498.3	7419	7000.92	177	1.87888
XM_006564482.3	1663	1244.92	171	10.2079
XM_395082.7	4560	4141.92	132	2.36839
XM_026443238.1	7510	7091.92	167	1.74998
XM_006564480.3	5189	4770.92	35	0.545188
XR_003305432.1	953	538.6	0	0
XM_006562499.3	2010	1591.92	798	37.2531
XM_395771.7	1022	603.92	4	0.492222
XM_001120083.5	1001	582.92	7	0.89242
XM_016914282.2	3061	2642.92	298	8.37939
XM_395981.7	1831	1412.92	1542	81.1049
XM_624225.6	2743	2324.92	441	14.0965
XM_026443243.1	4564	4145.92	28	0.5019
XR_120465.4	1106	687.92	10	1.0803
XM_623181.6	1923	1504.92	4118	203.354
XM_016914608.2	4157	3738.92	187	3.71686
XM_006557796.3	1977	1558.92	327	15.5885
XM_393726.7	1861	1442.92	323	16.6357
XM_016914362.2	1433	1014.92	616	45.1055
XM_026443248.1	3931	3512.92	790	16.7124
XM_006566093.3	4294	3875.92	9066	173.829
XM_393683.6	1308	889.92	1043	87.0991
XM_393684.7	5865	5446.92	105	1.43258
XM_003250752.4	2998	2579.92	4661	134.262
XM_003250751.4	1403	984.92	3	0.226361
XM_016914294.2	5199	4780.92	124	1.92748
XM_016914295.2	4622	4203.92	335	5.92203
XM_026443259.1	4004	3585.92	127	2.63199
XM_624651.6	2581	2162.92	125	4.29487
XM_016914302.2	2284	1865.92	13	0.517763
XM_006566109.3	1485	1066.92	216	15.0454
XM_006566108.3	1407	988.92	107	8.04087
XM_003250753.4	1929	1510.92	105	5.1645
XM_006566102.3	925	514.247	791	114.31
XR_001704394.2	852	451.027	193	31.8006
XM_026443261.1	2394	1975.92	130	4.88939
XM_006565991.3	8747	8328.92	473	4.22039
XM_016914360.2	3019	2600.92	112	3.20016
XM_393702.7	1898	1479.92	292	14.6631
XM_393701.7	932	520.384	829	118.389
XR_003305433.1	20837	20418.9	5.00211	0.0182054
XM_393700.7	3857	3438.92	111	2.39873
XR_003305434.1	1414	995.92	2	0.14924
XR_003305435.1	1871	1452.92	1	0.0511492
XM_026443263.1	401	136.437	158	86.0609
XR_409037.3	769	384.77	0	0
XM_001121997.5	3587	3168.92	640	15.0089
XM_026443266.1	1260	841.92	14	1.23577
XM_392877.7	2158	1739.92	952	40.6619
XR_003305458.1	1635	1216.92	7	0.427481
XR_003305459.1	1549	1130.92	0	0
XM_006566089.3	3737	3318.92	307	6.8742
XM_026443269.1	4330	3911.92	24	0.455934
XM_006562357.3	1587	1168.92	201	12.7788
XM_392583.7	1604	1185.92	190	11.9063
XM_006562348.3	1180	761.92	1056	102.999
XM_001121734.5	2357	1938.92	180	6.89911
XM_003250028.4	572	238.361	550	171.478
XM_026443271.1	4535	4116.92	43	0.776205
XM_026443275.1	3989	3570.92	36	0.749209
XM_396388.7	2502	2083.92	312	11.1264
XM_006562359.3	1601	1182.92	74	4.64897
XM_003250029.4	2188	1769.92	131	5.50045
XM_624622.5	1721	1302.92	1777	101.356
XM_026443279.1	8880	8461.92	224	1.96725
XM_016914238.2	1697	1278.92	9	0.522973
XM_393699.7	2133	1714.92	3769	163.329
XM_624833.5	1019	600.92	1021	126.267
XM_001120809.5	6255	5836.92	0	0
XM_026443283.1	546	220.392	2	0.674397
XM_003250771.4	3677	3258.92	13.0258	0.297038
XR_001704623.2	1995	1576.92	0	0
XM_001122972.5	936	523.612	1397	198.275
XM_006572191.3	693	325.962	2649	603.942
XM_624172.6	3519	3100.92	403	9.65817
XM_625057.6	783	394.368	606	114.196
XM_006566051.3	2358	1939.92	35	1.3408
XM_006560433.2	429	149.989	2	0.990951
XM_026443287.1	1492	1073.92	714	49.4091
XM_026443288.1	1509	1090.92	1721	117.238
XM_625109.6	2453	2034.92	9179	335.219
XM_026443291.1	2227	1808.92	0	0
XM_006569658.3	4858	4439.92	2896	48.4734
XR_001704434.2	995	577.282	0	0
XM_623374.5	2537	2118.92	1328	46.5762
XR_001704627.2	1471	1052.92	0	0
XM_623276.6	2751	2332.92	236	7.51783
XM_006558346.3	3878	3459.92	7	0.150353
XM_006566186.3	1700	1281.92	453	26.2614
XM_003250786.4	687	321.359	1	0.231254
XM_001121882.5	438	154.523	3951	1900.17
XM_026443292.1	6985	6566.92	24	0.2716
XR_001704622.2	4430	4011.92	7.09109	0.131353
XM_026443293.1	3619	3200.92	205	4.75948
XM_623767.6	1334	915.92	0	0
XM_006562860.3	3951	3532.92	415	8.72961
XM_001120664.5	2483	2064.92	5	0.179948
XM_393394.6	3272	2853.92	131	3.41122
XM_026443295.1	1483	1064.92	0	0
XM_624992.6	3581	3162.92	201	4.72268
XM_396989.6	2390	1971.92	171	6.44447
XM_026443296.1	2194	1775.92	151	6.31879
XM_026443297.1	2247	1828.92	1869	75.9443
XM_392582.7	1837	1418.92	8	0.418999
XM_006569158.3	2258	1839.92	460	18.5797
XM_001120432.4	975	558.72	3	0.399032
XM_391836.7	1491	1072.92	376	26.0436
XM_624523.6	1584	1165.92	50	3.187
XM_395763.6	1428	1009.92	745	54.8214
XR_003305463.1	1081	662.92	0	0
XM_006566133.3	924	513.344	2178	315.304
XM_001120649.5	807	413.691	150	26.9461
XR_120098.4	1760	1341.92	701	38.8215
XM_396986.6	2291	1872.92	187	7.41998
XM_006562899.3	627	277.742	0	0
XM_001120371.4	464	169.678	9	3.94182
XM_026443300.1	2286	1867.92	59	2.34733
XM_006566121.3	1771	1352.92	456	25.048
XM_006565541.3	2202	1783.92	70	2.9161
XM_026443306.1	1301	882.92	55	4.62937
XM_006566110.3	4696	4277.92	35.0417	0.608742
XM_001121244.5	3346	2927.92	0	0
XM_006566106.3	3446	3027.92	383	9.40015
XM_001121210.5	2928	2509.92	2	0.0592176
XM_006566105.3	1669	1250.92	27	1.60404
XR_410471.3	1809	1390.92	0	0
XR_003305465.1	317	104.848	0	0
XM_393709.7	1616	1197.92	2052	127.3
XM_006562830.3	2411	1992.92	770	28.7132
XM_006562833.3	1067	648.92	119	13.6281
XM_393711.6	2596	2177.92	13	0.44359
XM_026443309.1	2236	1817.92	1	0.0408795
XM_006562828.3	1358	939.92	411	32.4961
XM_006562826.3	4392	3973.92	87	1.62697
XM_623103.6	1188	769.92	21153	2041.77
XM_006569182.3	2196	1777.92	229	9.57202
XR_001704438.2	1546	1127.92	338	22.2699
XM_006569181.3	2609	2190.92	512.75	17.3924
XM_391829.7	4160	3741.92	4055.61	80.5456
XM_393671.7	932	520.384	1499	214.071
XM_006569180.3	2626	2207.92	61	2.05318
XM_393670.7	2356	1937.92	166	6.3658
XM_393728.7	3730	3311.92	79	1.77267
XM_006560434.3	787	397.664	1290	241.076
XM_397424.7	1227	808.92	850	78.0897
XM_003250774.4	1106	687.92	77	8.31827
XM_006566216.3	1248	829.92	1421	127.244
XM_016914468.2	1114	695.92	135	14.4163
XM_006569675.3	795	404.091	46	8.45979
XM_001121113.5	603	260.423	98	27.9658
XM_026443312.1	1712	1293.92	333	19.1257
XM_006566207.3	3352	2933.92	0	0
XM_006569659.3	1093	674.92	692	76.1964
XM_026443316.1	1783	1364.92	446	24.2833
XR_003305467.1	2261	1842.92	7	0.282275
XR_412538.3	2446	2027.92	72	2.63853
XR_412539.3	1380	961.92	3	0.231773
XM_026443317.1	2070	1651.92	676	30.4115
XM_026443318.1	1644	1225.92	1624	98.4474
XM_395767.6	2730	2311.92	104	3.34304
XM_003251375.4	2192	1773.92	250	10.4734
XM_006572049.3	726	351.89	1098	231.887
XM_395253.6	1488	1069.92	1128	78.3499
XM_624421.5	905	496.796	109	16.3053
XR_003305470.1	489	184.484	1	0.402829
XM_006564473.3	2344	1925.92	38	1.46631
XM_026443330.1	1822	1403.92	51	2.69965
XR_409564.3	1796	1377.92	45	2.427
XM_026443331.1	925	514.247	61	8.81533
XM_016914268.2	923	512.429	791	114.716
XM_016914630.2	703	333.848	7	1.55822
XM_003250430.4	1096	677.92	2	0.219246
XM_026443334.1	1788	1369.92	459	24.8999
XM_003251372.4	1174	755.92	535	52.5967
XM_003249786.4	1708	1289.92	368	21.2014
XM_392725.7	898	490.632	661	100.121
XM_623750.6	1255	836.92	283	25.1294
XM_001122336.5	1008	589.92	94	11.8417
XR_410539.3	2338	1919.92	97	3.75465
XM_006572272.3	16855	16436.9	284.585	1.28668
XM_625056.6	2204	1785.92	198	8.23917
XM_026443337.1	2365	1946.92	309	11.7948
XM_026443338.1	1162	743.92	306	30.5686
XM_026443339.1	1519	1100.92	95	6.41281
XM_001121066.5	1702	1283.92	1	0.0578819
XM_006560435.3	1323	904.92	96	7.88391
XR_003305471.1	3329	2910.92	89	2.27217
XM_393706.7	1235	816.92	437	39.7541
XM_006562361.3	1450	1031.92	17	1.22429
XM_001121371.5	627	277.742	215	57.5277
XM_624476.6	750	370.27	706	141.699
XM_006562885.3	590	250.902	1991	589.723
XM_623678.6	962	546.891	178	24.188
XM_026443340.1	1335	916.92	76	6.15974
XM_026443341.1	1106	687.92	74	7.99419
XM_623813.6	1402	983.92	384	29.0036
XM_396163.6	933	521.199	858	122.339
XM_026443344.1	3621	3202.92	5	0.116012
XM_016914640.2	4874	4455.92	0	0
XM_026443345.1	973	556.88	0	0
XM_016914641.2	441	156.079	9	4.28526
XM_026443346.1	2104	1685.92	0	0
XM_001119823.5	1765	1346.92	215	11.8625
XM_003250424.4	2162	1743.92	11	0.468756
XM_624364.6	1129	710.92	1000	104.535
XM_001121653.5	1502	1083.92	1058	72.5385
XM_006566218.3	6799	6380.92	166.763	1.94221
XM_006569187.3	4677	4258.92	221.207	3.85993
XR_003305477.1	5113	4694.92	13	0.205776
XR_411415.3	3403	2984.92	3	0.0746911
XM_006561216.3	4982	4563.92	685	11.1541
XM_026443349.1	1082	663.92	464	51.9377
XR_003305479.1	2187	1768.92	20	0.840238
XR_001704402.2	1310	891.92	12	0.999852
XR_408863.3	840	440.837	67	11.2948
XR_003305482.1	763	380.054	88.7971	17.3634
XR_003305483.1	2822	2403.92	1	0.0309144
XR_001704681.2	933	521.199	0	0
XR_003305485.1	778	390.487	0	0
XR_120295.3	900	492.419	0	0
XM_396235.7	1487	1068.92	250	17.381
XM_624842.6	1208	789.92	519	48.8275
XM_026443350.1	2345	1926.92	1014	39.107
XM_006562061.3	805	412.158	117	21.0961
XM_624706.6	2397	1978.92	2580	96.8884
XM_026443359.1	2154	1735.92	53	2.26896
XM_001122164.5	679	316.023	246	57.8492
XM_396316.7	825	428.41	1253	217.356
XR_001704695.2	2466	2047.92	343	12.4469
XM_396366.7	8344	7925.92	332	3.11293
XM_393169.5	2397	1978.92	239	8.97532
XM_026443362.1	5173	4754.92	187	2.92266
XM_392644.7	2354	1935.92	1196	45.9118
XM_016914216.2	1632	1213.92	0	0
XM_026443363.1	1177	758.92	0	0
XM_026443364.1	315	103.748	4	2.86523
XM_026443365.1	2544	2125.92	20	0.699139
XM_396315.7	4814	4395.92	400	6.76224
XM_026443366.1	2051	1632.92	2	0.0910218
XM_006562367.3	512	198.465	0	0
XM_026443367.1	1970	1551.92	108	5.17172
XM_026443369.1	6401	5982.92	0	0
XM_026443370.1	848	447.555	265	44.0027
XM_026443371.1	3943	3524.92	172	3.62627
XM_026443372.1	4836	4417.92	54	0.908356
XM_026443373.1	560	229.764	0	0
XM_026443374.1	3837	3418.92	24	0.521678
XM_026443375.1	1326	907.92	12	0.982232
XM_026443376.1	1992	1573.92	17	0.802688
XM_026443377.1	1673	1254.92	19	1.12517
XM_006569199.3	2921	2502.92	1	0.0296916
XM_006569692.3	2683	2264.92	66	2.16557
XM_393685.6	2210	1791.92	47	1.94921
XR_001704517.2	533	211.945	0	0
XR_003305488.1	2350	1931.92	2	0.0769345
XM_006566167.3	631	280.645	1	0.264803
XR_003305489.1	4577	4158.92	11	0.196559
XM_006566014.3	4162	3743.92	80.1443	1.59084
XM_026443385.1	4102	3683.92	313	6.31415
XM_391847.7	7479	7060.92	163.221	1.71789
XM_624652.6	4257	3838.92	10	0.193585
XM_006566003.3	4432	4013.92	74	1.37007
XM_006566002.3	1750	1331.92	178	9.93167
XM_006566005.3	2324	1905.92	1643	64.0639
XR_119736.4	3157	2738.92	0	0
XR_003305491.1	426	148.259	0	0
XR_410517.3	816	420.82	48	8.47668
XM_026443390.1	1428	1009.92	25	1.83964
XM_026443391.1	1578	1159.92	260	16.6581
XM_624178.6	3845	3426.92	183	3.96851
XR_410519.3	852	451.027	2	0.32954
XM_006566201.3	2820	2401.92	0	0
XM_006566202.3	3815	3396.92	322	7.04451
XM_026443394.1	545	219.711	9	3.04419
XR_410522.3	688	322.113	21	4.84498
XM_624143.6	2202	1783.92	311	12.9558
XM_026443395.1	4732	4313.92	13.0525	0.224854
XM_393365.6	7665	7246.92	451	4.62491
XM_026443397.1	2127	1708.92	191.948	8.34721
XR_409566.3	1971	1552.92	420	20.0993
XM_001121680.5	2576	2157.92	59	2.03188
XM_395321.7	2090	1671.92	313	13.9126
XM_016914432.2	2149	1730.92	181	7.77109
XM_016914436.2	1811	1392.92	209	11.1507
XM_003250627.4	1277	858.92	170	14.7088
XM_006565531.3	964	548.719	78	10.5639
XM_026443409.1	831	433.416	1	0.171465
XM_026443411.1	3156	2737.92	257	6.97578
XM_026443413.1	2335	1916.92	78	3.02393
XM_625097.5	1168	749.92	1031	102.17
XM_397143.7	2751	2332.92	98	3.12181
XM_001119998.5	847	446.694	1492	248.221
XM_016914430.2	6384	5965.92	823.853	10.2625
XM_393510.6	2150	1731.92	1975.15	84.7524
XR_003305494.1	691	324.463	1	0.229042
XM_001120154.5	3076	2657.92	1954	54.634
XM_396062.7	4035	3616.92	476	9.78022
XM_026443415.1	5291	4872.92	0	0
XM_026443416.1	2474	2055.92	68	2.45801
XM_016914522.2	2026	1607.92	3156	145.866
XM_026443417.1	1258	839.92	0	0
XM_003250123.4	1921	1502.92	0	0
XR_003305495.1	4122	3703.92	3	0.0601922
XR_003305500.1	420	144.668	0	0
XM_006562870.3	2087	1668.92	0	0
XM_016914519.2	2286	1867.92	7	0.278497
XM_395179.6	3484	3065.92	88	2.13306
XM_026443421.1	2134	1715.92	158	6.8429
XM_006564446.3	2073	1654.92	325	14.5944
XM_003250421.4	3827	3408.92	295	6.43111
XM_623883.6	937	524.46	1254	177.691
XM_623911.6	1053	634.92	304	35.5824
XM_001122976.5	968	552.339	3235	435.26
XM_026443422.1	11961	11542.9	49	0.315472
XM_006562851.3	4417	3998.92	70	1.30088
XM_391852.7	1640	1221.92	523	31.8082
XM_006562843.3	1290	871.92	246	20.9671
XM_391854.7	1908	1489.92	1417	70.6785
XM_393723.7	1560	1141.92	2012	130.94
XM_016914324.2	7620	7201.92	401	4.13787
XM_006560118.3	4826	4407.92	791	13.3359
XM_396715.6	4174	3755.92	11	0.217649
XM_003249547.4	2326	1907.92	21	0.817974
XM_396908.7	4844	4425.92	159	2.66977
XM_393502.7	3261	2842.92	130	3.39828
XM_006560112.3	1231	812.92	39	3.56531
XM_396716.7	1664	1245.92	663	39.5461
XM_003249582.4	2517	2098.92	0	0
XM_397047.7	1339	920.92	2182	176.081
XM_003249567.4	7745	7326.92	94	0.953426
XM_001120574.5	1340	921.92	106	8.54463
XM_006560114.3	2250	1831.92	991	40.202
XM_016914448.2	724	350.317	4	0.848553
XR_001704528.2	3041	2622.92	242.407	6.86817
XR_001704447.2	1434	1015.92	1	0.0731511
XR_001704561.2	2455	2036.92	4	0.145937
XR_003305501.1	4025	3606.92	112	2.30761
XR_001704531.2	9271	8852.92	1	0.00839448
XR_003305505.1	8977	8558.92	24	0.208388
XR_003305507.1	635	283.496	0	0
XR_408567.3	2511	2092.92	2	0.0710163
XR_001704407.2	1933	1514.92	0	0
XR_003305508.1	4061	3642.92	0	0
XM_393727.6	3227	2808.92	27	0.71434
XM_391855.7	1578	1159.92	6962	446.053
XM_006557794.3	2344	1925.92	71	2.73968
XR_003305509.1	2588	2169.92	0	0
XM_397461.6	2029	1610.92	22	1.01491
XM_391818.7	4661	4242.92	279.294	4.8919
XR_411600.3	8440	8021.92	0	0
XR_001704535.2	22762	22343.9	80.0716	0.266318
XM_006566172.3	7391	6972.92	237	2.52589
XM_006566176.3	2353	1934.92	159	6.10681
XM_006566171.3	631	280.645	7	1.85362
XR_001704556.2	1116	697.92	6	0.63889
XR_001704558.2	2504	2085.92	9	0.320646
XM_001120943.5	2831	2412.92	68	2.09434
XM_001120972.5	3208	2789.92	5	0.133186
XM_006565997.3	1019	600.92	125	15.4587
XR_003305512.1	2424	2005.92	7	0.259337
XR_003305513.1	968	552.339	6	0.807283
XR_003305514.1	780	392.091	27	5.1175
XM_006566055.3	1071	652.92	3212	365.591
XM_625034.5	3462	3043.92	358	8.74038
XM_006566054.3	1301	882.92	1011	85.0962
XM_001122389.5	1309	890.92	36	3.00292
XM_391838.7	3341	2922.92	1366	34.7308
XM_006566161.3	3317	2898.92	480	12.3051
XM_393677.7	1983	1564.92	109	5.17624
XM_003250762.4	1851	1432.92	222	11.5136
XM_026443445.1	2892	2473.92	288.007	8.65164
XR_003305515.1	4718	4299.92	19	0.328378
XR_003305519.1	2271	1852.92	139	5.57492
XR_001704543.2	401	136.437	29	15.796
XR_001704548.2	1270	851.92	0	0
XR_003305520.1	430	150.544	0	0
XR_410490.3	957	542.24	0	0
XR_003305521.1	679	316.023	10	2.35159
XM_016914518.2	3989	3570.92	16	0.332982
XM_393055.6	2266	1847.92	1356	54.5327
XM_026443450.1	1296	877.92	622	52.6521
XM_006564470.3	1433	1014.92	968	70.88
XM_001120188.4	597	255.928	1074	311.865
XM_006565551.3	3733	3314.92	124	2.7799
XM_006565555.3	10691	10272.9	27	0.195322
XM_393712.6	5271	4852.92	340	5.20662
XM_006562785.3	1481	1062.92	3	0.20975
XR_003305522.1	5873	5454.92	480	6.53933
XR_003305529.1	2686	2267.92	1	0.0327682
XM_026443451.1	4699	4280.92	172	2.98588
XM_026443452.1	1273	854.92	0	0
XM_623979.6	4153	3734.92	37	0.736209
XM_396322.7	1462	1043.92	78	5.55275
XM_026443454.1	1631	1212.92	43	2.63461
XM_016914443.2	1102	683.92	2929	318.269
XM_003250773.4	1101	682.92	2	0.217641
XM_393146.7	1367	948.92	386	30.23
XM_006566214.3	831	433.416	104	17.8324
XR_410534.3	2045	1626.92	25	1.14197
XR_001704522.2	1293	874.92	16	1.35904
XR_001704523.2	1756	1337.92	2	0.111091
XR_001704525.2	2012	1593.92	5.1012	0.237841
XM_006566196.3	1373	954.92	3483	271.061
XM_006566188.3	1195	776.92	38	3.63486
XR_410508.3	1801	1382.92	4	0.214953
XM_006566190.3	7354	6935.92	258.023	2.76461
XM_001122025.5	2446	2027.92	2046	74.9782
XM_393605.7	1733	1314.92	27193	1536.87
XM_397363.7	1103	684.92	387	41.9905
XM_016914576.2	9203	8784.92	231	1.95414
XM_006566088.2	3793	3374.92	53	1.16706
XM_003250778.4	1571	1152.92	18	1.16026
XM_006566041.3	8681	8262.92	268	2.41036
XM_391843.6	1679	1260.92	1322	77.9156
XM_393703.7	7656	7237.92	96	0.985684
XM_026443462.1	2487	2068.92	77	2.76584
XM_001119908.5	1654	1235.92	185	11.124
XM_624071.6	2154	1735.92	145	6.20753
XM_026443465.1	2723	2304.92	115	3.70785
XM_026443466.1	1645	1226.92	382	23.1381
XM_016917508.2	1140	721.92	5	0.514709
XM_026443467.1	5230	4811.92	264	4.07724
XM_624169.6	2062	1643.92	1137	51.3997
XM_006572299.3	604	261.219	1	0.284495
XM_026443475.1	3981	3562.92	11	0.229439
XM_026443476.1	5683	5264.92	254	3.58527
XM_397463.7	1003	584.92	2352	298.828
XM_393666.7	7519	7100.92	123	1.28727
XM_003251279.4	1246	827.92	637	57.1783
XM_003251823.4	3959	3540.92	14	0.293827
XM_026443490.1	1933	1514.92	269	13.196
XM_001122971.5	1928	1509.92	530	26.0857
XM_026443492.1	1799	1380.92	99	5.32779
XM_396688.7	5641	5222.92	1103	15.6943
XM_006560820.3	4866	4447.92	592	9.89111
XM_396552.7	3875	3456.92	170.018	3.65499
XM_016914309.2	3027	2608.92	53	1.50972
XM_026443500.1	4149	3730.92	21	0.418296
XR_001704396.2	1485	1066.92	196	13.6523
XR_001704401.2	960	545.028	28	3.81786
XM_006565536.3	2318	1899.92	515.073	20.1472
XM_003250428.4	2965	2546.92	17	0.496037
XM_392905.7	2047	1628.92	1681.62	76.7202
XM_006564472.3	2902	2483.92	30	0.897561
XM_006569173.3	902	494.168	242	36.3933
XM_001119898.5	1828	1409.92	245	12.9137
XM_001119958.5	5134	4715.92	1028	16.1997
XM_393667.7	1844	1425.92	243	12.6646
XM_001120023.5	850	449.277	1528	252.749
XM_006564474.3	5830	5411.92	214.133	2.94045
XM_395933.7	1799	1380.92	10	0.538161
XM_395932.6	4298	3879.92	9	0.172385
XM_006559225.3	5890	5471.92	192	2.60761
XR_003305539.1	4024	3605.92	9	0.185484
XR_003305540.1	653	297.25	7	1.75007
XM_006559223.3	6156	5737.92	7	0.0906617
XM_006559222.3	10089	9670.92	3610.96	27.7482
XM_026443513.1	3309	2890.92	217	5.57833
XR_408250.3	1457	1038.92	1	0.0715317
XR_001704346.2	874	469.927	0	0
XM_006569677.3	6243	5824.92	243	3.10025
XM_003250420.4	4578	4159.92	1711	30.5665
XM_001122994.5	2173	1754.92	770	32.6072
XM_395824.7	1563	1144.92	706	45.8258
XM_026443516.1	4295	3876.92	33161	635.655
XR_003305542.1	151	30.6414	0	0
XR_003305543.1	134	22.492	0	0
XM_625198.6	1716	1297.92	325	18.6087
XM_624057.6	4414	3995.92	1571	29.2173
XM_623817.6	3929	3510.92	881	18.6481
XM_006558544.3	11817	11398.9	857	5.58724
XM_026443578.1	5435	5016.92	20571	304.718
XM_006558787.3	1373	954.92	121	9.4167
XM_006558547.3	1110	691.92	390	41.888
XM_391890.7	2642	2223.92	1886	63.0236
XR_003305545.1	963	547.802	77	10.4459
XR_001704748.2	1306	887.92	1	0.0836964
XR_003305546.1	855	453.525	0	0
XR_003305548.1	2758	2339.92	0	0
XR_001704753.2	1671	1252.92	10	0.59314
XR_408036.3	2298	1879.92	5	0.197656
XR_408032.3	1547	1128.92	34	2.23819
XR_003305550.1	522	205.056	0	0
XM_026443585.1	2147	1728.92	0	0
XR_003305552.1	435	153.203	20	9.70162
XM_026443586.1	3666	3247.92	2	0.045762
XM_026443589.1	3219	2800.92	36	0.955173
XR_003305553.1	2094	1675.92	0	0
XM_016915103.2	6055	5636.92	3838	50.5992
XR_411833.3	245	72.031	748	771.725
XM_391867.7	4904	4485.92	476.874	7.9001
XR_001704736.2	1749	1330.92	91	5.08124
XM_006562400.3	5215	4796.92	147	2.27738
XM_006562403.3	2317	1898.92	25	0.978394
XM_006558045.3	4438	4019.92	160	2.9579
XM_624180.6	3093	2674.92	181	5.02861
XM_395356.7	2131	1712.92	471	20.4345
XR_407704.3	2861	2442.92	31	0.943046
XR_001704817.2	2510	2091.92	6	0.213151
XM_623894.5	4517	4098.92	274	4.96777
XM_006570470.3	1997	1578.92	111	5.22448
XM_026443597.1	2509	2090.92	0	0
XR_001704965.2	5527	5108.92	43	0.625489
XR_410728.3	451	161.821	0	0
XR_001704969.2	1512	1093.92	0	0
XR_003305564.1	1195	776.92	0	0
XR_003305565.1	727	352.676	0	0
XR_001704972.2	1046	627.92	0	0
XM_393637.7	5449	5030.92	55	0.812448
XM_001120576.5	2443	2024.92	704	25.8372
XM_001119824.5	853	451.846	486	79.933
XR_001704921.2	656	299.4	67	16.6304
XR_003305566.1	396	133.553	5	2.78225
XM_026443598.1	6766	6347.92	29	0.339506
XM_396537.7	3613	3194.92	252	5.86166
XM_006570374.3	2890	2471.92	68	2.04435
XM_026443600.1	3482	3063.92	271.226	6.5786
XM_396538.6	1876	1457.92	127	6.47367
XM_006570370.3	2690	2271.92	433	14.1637
XM_001121373.5	1987	1568.92	1269.05	60.1118
XM_006570365.3	1294	875.92	218	18.4958
XR_003305567.1	1948	1529.92	7	0.340024
XM_006570295.3	3908	3489.92	235	5.00418
XM_016915172.2	5677	5258.92	396	5.59602
XM_397109.6	3592	3173.92	51	1.19414
XM_006566296.3	1558	1139.92	2682	174.85
XM_397107.7	3531	3112.92	75	1.7905
XM_016915168.2	3259	2840.92	75	1.96193
XM_026443610.1	7023	6604.92	2898	32.607
XR_003305570.1	6575	6156.92	40	0.482811
XM_026443615.1	5134	4715.92	571	8.99809
XM_006566703.3	1363	944.92	140	11.0107
XM_395866.7	1756	1337.92	137	7.60976
XM_624298.6	2936	2517.92	248	7.31965
XM_006566598.3	3238	2819.92	900	23.7184
XM_026443618.1	921	510.636	52	7.56784
XM_624223.5	3181	2762.92	331	8.90308
XM_006557436.3	2986	2567.92	503	14.5568
XM_393353.6	1581	1162.92	665	42.4964
XM_026443621.1	1014	595.92	4	0.49883
XM_001121588.5	3134	2715.92	1621	44.3554
XM_392764.7	1690	1271.92	1162	67.8933
XM_395328.7	1538	1119.92	854	56.6697
XM_391903.7	6309	5890.92	739.727	9.33187
XM_006566322.3	11367	10948.9	581.003	3.94355
XM_003250871.4	4659	4240.92	119	2.08529
XM_001122321.5	2649	2230.92	909	30.2803
XR_003305572.1	1035	616.92	56	6.7459
XM_006566642.3	8082	7663.92	69	0.669081
XM_001122944.5	1025	606.92	1004	122.937
XM_006563303.3	2938	2519.92	25	0.737282
XM_396423.7	2075	1656.92	624	27.9875
XM_006563302.3	979	562.523	181	23.9122
XM_001120946.5	926	515.123	79	11.3972
XM_001120973.5	1758	1339.92	498	27.6205
XM_003250851.4	2991	2572.92	77	2.22405
XM_006566742.3	1986	1567.92	270	12.7974
XM_006566589.3	2207	1788.92	362	15.0383
XM_624370.6	1766	1347.92	1117	61.5842
XM_395879.7	8270	7851.92	273.166	2.58542
XM_393798.7	3292	2873.92	97	2.50829
XR_003305574.1	598	256.687	7	2.02663
XM_391908.7	7548	7129.92	1358	14.1545
XM_006566373.3	8825	8406.92	1331	11.7658
XM_393815.7	3551	3132.92	0	0
XM_001122620.5	3268	2849.92	393	10.248
XM_001122612.5	5431	5012.92	894	13.2534
XM_006566370.3	3222	2803.92	12	0.31805
XM_016914717.2	5983	5564.92	288.032	3.84647
XM_393817.7	6989	6570.92	79	0.893473
XM_026443639.1	758	376.316	0	0
XM_391909.5	3703	3284.92	91	2.05872
XM_393820.7	1685	1266.92	461	27.0416
XM_393819.7	1601	1182.92	194	12.1878
XM_006566386.3	684	319.181	1765	410.949
XR_001704706.2	3011	2592.92	13	0.372593
XR_001704709.2	150	30.0757	0	0
XM_006566560.3	2319	1900.92	679	26.5452
XR_003305576.1	563	231.939	0	0
XR_001704983.2	267	81.3447	1	0.91359
XM_026443644.1	2582	2163.92	241	8.27668
XM_006566635.3	3748	3329.92	334	7.45406
XM_001120746.5	1163	744.92	271	27.0359
XM_026443647.1	2637	2218.92	262	8.77486
XM_006570414.3	5112	4693.92	106	1.67823
XM_393466.7	1210	791.92	947	88.8688
XM_006566454.3	5150	4731.92	270	4.2404
XR_003305577.1	5324	4905.92	0	0
XR_003305579.1	1549	1130.92	1	0.0657126
XR_003305580.1	258	77.3464	0	0
XM_001121559.5	1379	960.92	514	39.7518
XM_003249158.4	1915	1496.92	28	1.39008
XR_003305582.1	3010	2591.92	28	0.802818
XR_119760.4	1748	1329.92	1	0.0558798
XR_003305584.1	1635	1216.92	8.07999	0.493434
XM_001122899.5	1107	688.92	646	69.6858
XM_623895.6	2517	2098.92	132	4.67367
XR_410745.3	3564	3145.92	3	0.0708686
XR_001704996.2	2596	2177.92	1	0.0341223
XR_003305586.1	510	197.341	1	0.376586
XM_396292.7	5496	5077.92	17.0431	0.249427
XM_006558937.3	1082	663.92	1	0.111935
XM_006564240.3	2506	2087.92	257	9.14744
XM_623557.6	1656	1237.92	373	22.3922
XM_625090.5	1175	756.92	299	29.3563
XM_003250812.4	3360	2941.92	0	0
XM_026443655.1	1881	1462.92	494	25.095
XM_016915136.2	708	337.902	0	0
XM_006564391.3	4485	4066.92	50	0.91366
XM_623721.6	1493	1074.92	313	21.6396
XM_006566261.3	4255	3836.92	151.063	2.92588
XM_001120157.5	1296	877.92	308	26.0721
XM_006571841.3	759	377.066	249	49.0752
XM_006564352.3	3684	3265.92	40	0.910196
XM_006564355.3	1157	738.92	1732	174.193
XM_001120701.5	4355	3936.92	268	5.05893
XR_003305592.1	2126	1707.92	3	0.130537
XM_393754.6	3040	2621.92	345	9.77868
XM_006570426.3	1984	1565.92	398	18.8883
XR_001705012.2	556	227.136	0	0
XR_001705013.2	770	385.61	5	0.963612
XM_026443659.1	3767	3348.92	216	4.79324
XM_006570324.3	1423	1004.92	231	17.0829
XM_625121.6	1195	776.92	316	30.2267
XM_006566645.3	2390	1971.92	723	27.2477
XM_003250836.4	2782	2363.92	102	3.20662
XM_003250845.4	2715	2296.92	459	14.8507
XM_625207.5	1201	782.92	46	4.36637
XR_120331.4	1173	754.92	43	4.233
XR_001704788.2	2627	2208.92	52	1.74946
XR_410770.3	3361	2942.92	169	4.26765
XR_003305597.1	805	412.158	13	2.34401
XR_003305600.1	1597	1178.92	28	1.76504
XR_410764.3	803	410.57	3	0.543018
XR_003305605.1	980	563.467	3	0.39567
XM_006566736.3	1213	794.92	1507	140.887
XM_001120350.5	1151	732.92	5515	559.203
XM_006566735.3	1485	1066.92	5	0.348272
XM_006566740.3	2230	1811.92	427	17.5134
XM_395464.7	2216	1797.92	263	10.8709
XM_006566738.3	1862	1443.92	194	9.98479
XM_026443661.1	1064	645.92	6	0.690324
XM_016915199.2	2481	2062.92	83	2.99003
XM_006557449.3	3935	3516.92	329	6.95206
XM_016915222.2	6342	5923.92	161	2.01975
XM_623720.5	2672	2253.92	126.319	4.16496
XR_003305606.1	1034	615.92	35	4.22303
XM_026443662.1	3467	3048.92	52	1.26747
XM_026443664.1	2721	2302.92	558	18.0068
XM_006562385.3	793	402.432	462	85.3159
XM_026443667.1	566	234.146	22	6.9826
XM_003251822.4	1048	629.92	0	0
XM_016915034.2	2149	1730.92	3653	156.839
XM_026443668.1	3891	3472.92	90	1.92588
XM_006571837.3	3521	3102.92	73	1.74837
XM_003251763.4	3299	2880.92	46	1.18661
XM_026443669.1	5052	4633.92	0	0
XM_026443670.1	405	138.378	0	0
XM_026443671.1	2760	2341.92	0	0
XM_006566743.3	2717	2298.92	90	2.90937
XM_026443673.1	1124	705.92	473	49.795
XR_003305610.1	725	351.143	22	4.65607
XM_026443676.1	2784	2365.92	13	0.408342
XM_006558993.3	3763	3344.92	160	3.5548
XM_016915134.2	2200	1781.92	1	0.0417054
XM_392781.7	3084	2665.92	346	9.64516
XM_026443679.1	2065	1646.92	2083	93.9934
XR_001705064.2	2359	1940.92	15	0.574333
XM_026443683.1	23616	23197.9	0	0
XM_395412.5	1185	766.92	1029	99.7116
XM_623540.6	2368	1949.92	63	2.40107
XR_001704893.2	1013	594.92	58	7.24519
XR_408146.3	1285	866.92	6	0.514343
XR_003305613.1	1679	1260.92	8	0.471501
XM_026443684.1	826	429.287	188.985	32.7159
XM_026443685.1	402	136.986	335.015	181.748
XM_026443686.1	5654	5235.92	13	0.184515
XM_026443687.1	1132	713.92	0	0
XM_026443688.1	3210	2791.92	135	3.59345
XM_026443689.1	6144	5725.92	0	0
XM_393777.6	3024	2605.92	245	6.98691
XM_393776.7	1624	1205.92	62	3.82079
XM_393778.5	1066	647.92	421	48.2882
XM_026443690.1	1045	626.92	6	0.711246
XM_392586.7	3298	2879.92	51	1.31604
XR_003305615.1	489	184.484	14	5.63961
XR_003305616.1	618	271.506	0	0
XM_026443691.1	1474	1055.92	19	1.33722
XM_026443697.1	1140	721.92	92	9.47064
XM_016915217.2	2897	2478.92	99	2.96793
XM_001122238.5	2544	2125.92	13	0.45444
XM_026443701.1	1134	715.92	0	0
XM_006566546.3	1179	760.92	2	0.195331
XM_026443703.1	1322	903.92	0	0
XM_026443704.1	3327	2908.92	263.264	6.72574
XM_395330.6	1265	846.92	1772	155.49
XM_026443705.1	2503	2084.92	3.03688	0.108248
XM_026443706.1	8338	7919.92	881	8.26676
XM_026443707.1	11725	11306.9	103	0.676976
XM_026443708.1	6664	6245.92	129	1.53488
XM_026443709.1	2995	2576.92	355	10.2378
XM_026443714.1	3970	3551.92	47.1153	0.985778
XM_026443715.1	4173	3754.92	401	7.93641
XM_623543.6	830	432.602	1796	308.531
XM_026443716.1	1343	924.92	192	15.4269
XM_026443717.1	693	325.962	3229	736.175
XM_026443718.1	881	476.042	190	29.6612
XM_026443719.1	794	403.267	1678	309.229
XM_396291.6	3145	2726.92	6	0.163516
XM_006566640.3	4300	3881.92	259	4.95831
XM_006566412.3	8675	8256.92	767	6.90332
XM_003250818.4	2653	2234.92	472	15.695
XM_624887.6	1028	609.92	448	54.5865
XM_006564380.3	5025	4606.92	136	2.19386
XR_409949.3	1893	1474.92	4	0.201545
XM_006566554.3	5195	4776.92	29	0.45116
XM_006572037.3	813	418.32	13	2.30949
XM_016915284.2	1360	941.92	1	0.0788981
XM_624346.6	1921	1502.92	673	33.2782
XM_026443724.1	1234	815.92	1255	114.308
XR_003305618.1	513	199.112	0	0
XM_006566656.3	5110	4691.92	282	4.46662
XM_003251766.4	604	261.219	20	5.68991
XR_408122.3	1087	668.92	0	0
XM_003250828.4	2529	2110.92	6	0.211232
XM_006566607.3	1576	1157.92	1037	66.555
XM_001122291.5	1283	864.92	190	16.3252
XM_026443727.1	4037	3618.92	308.372	6.33252
XM_391881.7	2663	2244.92	40	1.32416
XM_003251496.4	3024	2605.92	41	1.16924
XM_391880.7	2185	1766.92	848	35.6664
XM_393761.7	2411	1992.92	674	25.1334
XM_391882.7	5839	5420.92	1283	17.5887
XM_624015.6	3542	3123.92	779	18.5318
XM_026443731.1	3644	3225.92	6	0.138222
XM_393764.7	940	527.148	192	27.0675
XM_001120846.5	1265	846.92	684	60.0197
XM_006570458.3	8953	8534.92	609	5.30271
XM_026443732.1	5962	5543.92	20.8847	0.279958
XM_026443734.1	2394	1975.92	303	11.396
XM_003251498.4	1806	1387.92	256	13.7074
XR_001704701.2	1276	857.92	3	0.259869
XM_006566604.3	4073	3654.92	95	1.93164
XM_397355.6	1367	948.92	428	33.5193
XM_006566605.3	1606	1187.92	63	3.94125
XM_006563310.3	6094	5675.92	0	0
XM_026443738.1	2645	2226.92	97	3.23704
XM_026443740.1	526	207.595	52	18.6151
XM_395006.7	3205	2786.92	205	5.46651
XR_408115.3	2172	1753.92	0	0
XM_026443741.1	2581	2162.92	989	33.981
XM_391859.7	817	421.61	2052	361.698
XM_006566462.3	588	249.412	4	1.19186
XR_408124.3	1387	968.92	1	0.0766995
XR_001704912.2	411	141.414	31	16.2911
XR_003305626.1	13053	12634.9	16	0.0941083
XM_026443745.1	1712	1293.92	0	0
XM_026443746.1	2782	2363.92	134	4.21262
XM_026443750.1	1639	1220.92	133	8.09552
XR_001706233.2	2665	2246.92	6	0.198447
XR_001704735.2	706	336.322	0	0
XR_003305627.1	2568	2149.92	0	0
XR_003305629.1	2844	2425.92	67	2.05248
XM_026443751.1	5570	5151.92	55	0.793367
XM_006557421.3	3253	2834.92	10	0.262144
XR_410551.3	6221	5802.92	77	0.986108
XM_006566670.3	3324	2905.92	2017	51.5825
XM_006566674.3	1773	1354.92	565	30.9895
XM_003250880.4	5526	5107.92	60	0.872946
XM_393330.7	5804	5385.92	234	3.22876
XM_016914933.2	2541	2122.92	12	0.420076
XM_006566676.3	2083	1664.92	136	6.07052
XM_016914937.2	1504	1085.92	377	25.8003
XM_026443753.1	2181	1762.92	136	5.73306
XM_006558982.3	2126	1707.92	86	3.74207
XM_006558985.3	4382	3963.92	29	0.543693
XM_016914925.2	1914	1495.92	814	40.4386
XM_393447.7	4228	3809.92	568	11.0793
XM_003249367.4	1879	1460.92	20	1.01738
XM_623369.6	798	406.362	7758	1418.79
XR_003305632.1	947	533.247	1	0.139365
XR_001704805.2	567	234.92	21	6.64323
XR_408152.2	1730	1311.92	1	0.0566465
XM_026443754.1	3300	2881.92	122	3.146
XM_016914845.2	4638	4219.92	94.606	1.66608
XR_003305633.1	640	287.24	9	2.32851
XM_003249372.4	3741	3322.92	481	10.7574
XM_624435.6	1807	1388.92	4112	220.017
XM_624463.6	1430	1011.92	410	30.1105
XM_006566638.3	839	440.008	1010	170.585
XM_391915.6	1954	1535.92	38	1.83863
XM_623052.6	1705	1286.92	1168	67.4484
XM_001120665.5	442	156.701	3	1.42275
XM_623536.6	3119	2700.92	349	9.60272
XR_410641.3	817	421.61	5	0.881332
XR_003305635.1	4898	4479.92	3.01408	0.0499995
XR_001704785.2	304	98.1411	0	0
XM_624688.6	2322	1903.92	576	22.483
XM_006566263.3	2990	2571.92	363	10.4889
XR_003305636.1	1861	1442.92	0	0
XM_396318.7	3429	3010.92	180	4.44277
XM_026443761.1	1987	1568.92	124	5.87356
XM_392845.7	1652	1233.92	1694	102.025
XM_006566625.3	4275	3856.92	67	1.29097
XR_003305637.1	1799	1380.92	0	0
XM_393805.7	3093	2674.92	24	0.666777
XM_391905.7	1013	594.92	590	73.7011
XM_006566341.3	1865	1446.92	52	2.67079
XM_016915257.2	2420	2001.92	43	1.59625
XM_026443763.1	3653	3234.92	20	0.459459
XM_393124.7	2633	2214.92	81	2.71774
XM_026443765.1	418	143.948	142	73.3097
XM_392864.7	3713	3294.92	692	15.6078
XM_026443766.1	3174	2755.92	40	1.07863
XM_006558954.3	4511	4092.92	1681.15	30.5249
XM_397008.5	2238	1819.92	938	38.3028
XR_001704812.2	640	287.24	31	8.02041
XR_003305638.1	363	125.136	0	0
XM_624533.6	1015	596.92	292	36.3536
XM_006572038.3	2518	2099.92	25	0.884744
XM_016917520.2	2109	1690.92	177	7.77912
XM_001122836.5	1477	1058.92	71	4.98282
XM_026443769.1	1827	1408.92	3	0.15824
XM_006566471.3	646	291.924	20	5.09143
XR_001705024.2	2193	1774.92	28	1.17236
XR_003305643.1	434	152.661	1	0.486801
XM_026443773.1	4904	4485.92	125	2.0708
XM_395880.7	2221	1802.92	418	17.2298
XM_001120146.5	953	538.6	1923	265.334
XM_026443775.1	1202	783.92	350	33.18
XM_006557465.3	2930	2511.92	6	0.177511
XR_001705033.2	695	327.465	20	4.53885
XM_395807.7	2261	1842.92	314	12.662
XM_026443777.1	4295	3876.92	0	0
XM_006564429.3	1124	705.92	118	12.4224
XM_003250406.4	1311	892.92	188	15.6468
XM_006566491.3	1106	687.92	0	0
XM_026443779.1	1925	1506.92	98	4.83299
XM_016915266.2	1093	674.92	307	33.8039
XM_391912.6	4585	4166.92	15	0.26752
XM_006566389.3	2393	1974.92	101	3.8006
XM_001122721.5	2580	2161.92	106	3.64373
XM_624820.6	1259	840.92	5	0.441871
XM_391914.7	1337	918.92	464	37.525
XM_006570301.3	1405	986.92	3036	228.613
XR_412350.3	297	94.4695	2	1.57333
XM_016915263.2	1158	739.92	4	0.40175
XM_003249382.4	1875	1456.92	299	15.2516
XM_016915264.2	658	300.836	42	10.3753
XM_026443786.1	5430	5011.92	310.14	4.59869
XM_006566344.3	1729	1310.92	817	46.3155
XM_625129.6	1674	1255.92	350	20.7103
XM_623670.5	2532	2113.92	387	13.6051
XR_003305644.1	2808	2389.92	11	0.34205
XM_016915267.2	1754	1335.92	74	4.11653
XM_623927.6	1111	692.92	99	10.6178
XM_006572061.3	2391	1972.92	1584	59.6659
XM_026443788.1	2785	2366.92	215	6.75049
XM_001122477.5	680	316.494	726	170.471
XM_026443790.1	2449	2030.92	65	2.37849
XM_026443792.1	2058	1639.92	1455	65.9357
XM_006572209.3	1065	646.92	599	68.8108
XM_006572208.2	929	517.705	23	3.30161
XM_006564436.3	1562	1143.92	0	0
XM_026443793.1	1770	1351.92	608	33.422
XM_396294.7	2372	1953.92	40	1.52137
XM_026443797.1	2304	1885.92	3	0.118217
XM_006566531.3	9724	9305.92	137.887	1.10115
XM_006566537.3	2580	2161.92	728	25.0249
XM_001122049.5	1511	1092.92	741	50.386
XR_001704737.2	1787	1368.92	0	0
XR_001704741.2	2831	2412.92	30.793	0.948396
XM_006572084.3	1973	1554.92	166	7.93379
XM_026443803.1	1789	1370.92	1	0.0542086
XM_026443807.1	412	141.928	0	0
XM_001123012.5	1399	980.92	149	11.2884
XM_625154.6	863	460.242	2241	361.857
XM_625149.6	604	261.219	258	73.3998
XM_026443808.1	1824	1405.92	212	11.2061
XM_006560629.3	5350	4931.92	525	7.91086
XM_623786.6	1765	1346.92	2158	119.067
XM_016914903.2	1709	1290.92	638	36.7284
XR_003305649.1	1602	1183.92	3	0.188313
XM_397573.7	1742	1323.92	155	8.70062
XM_006566351.3	1565	1146.92	293	18.9852
XR_001704781.2	2007	1588.92	20	0.935424
XR_003305652.1	2515	2096.92	1	0.0354404
XR_001704786.2	1877	1458.92	1	0.0509388
XM_393772.6	2291	1872.92	401	15.9113
XM_001120182.5	2964	2545.92	355	10.3625
XM_624122.6	3002	2583.92	377	10.8428
XM_026443811.1	1422	1003.92	551	40.788
XR_003305653.1	7554	7135.92	9	0.0937288
XR_003305665.1	314	103.165	0	0
XM_006570300.3	3158	2739.92	65	1.76301
XM_016915194.2	2851	2432.92	157.105	4.79891
XM_016915288.2	2277	1858.92	86	3.4381
XM_026443820.1	720	347.163	803	171.895
XM_006566706.3	8849	8430.92	831	7.32498
XM_016914803.2	7705	7286.92	112	1.14223
XM_006566718.3	3644	3225.92	563	12.9699
XM_006566709.3	3671	3252.92	64	1.46213
XM_625219.6	2749	2330.92	7	0.223178
XM_006566711.3	2479	2060.92	22	0.793308
XM_395024.6	2281	1862.92	275	10.9703
XM_395025.6	1697	1278.92	653	37.9446
XM_016914805.2	2014	1595.92	943	43.9118
XM_006566726.3	3599	3180.92	886.417	20.7093
XM_396595.5	1576	1157.92	252	16.1734
XM_396596.7	996	578.152	204	26.2222
XM_006566724.3	901	493.313	333	50.1652
XR_003305666.1	1069	650.92	68	7.76357
XM_026443825.1	3465	3046.92	97	2.36587
XM_006562405.3	2057	1638.92	67	3.03807
XM_026443827.1	1704	1285.92	47	2.71622
XM_006571997.3	1931	1512.92	217	10.6592
XM_016915291.2	2057	1638.92	0	0
XM_016915299.2	1577	1158.92	0	0
XM_026443828.1	1556	1137.92	0	0
XR_001705047.2	513	199.112	0	0
XM_001120899.5	4275	3856.92	53	1.02121
XM_397168.6	1819	1400.92	531	28.1684
XM_006560631.3	4528	4109.92	53	0.958347
XM_625145.6	1343	924.92	1244	99.9532
XM_006566355.3	3474	3055.92	7	0.17023
XM_003250858.4	4156	3737.92	38	0.755499
XM_393809.7	2629	2210.92	300	10.0839
XM_393811.7	2742	2323.92	362	11.5762
XM_006566357.3	1114	695.92	327	34.9196
XM_006566758.3	4622	4203.92	201	3.55322
XM_625026.5	3341	2922.92	292	7.42414
XM_391907.5	1387	968.92	408	31.2934
XM_393813.7	3459	3040.92	263	6.42734
XR_003305667.1	1456	1037.92	15	1.07401
XR_001704819.2	461	167.829	0	0
XM_026443844.1	10611	10192.9	34	0.247891
XM_026443847.1	381	124.964	3	1.7841
XM_003250417.4	4331	3912.92	318	6.03958
XM_392696.7	1774	1355.92	369	20.2243
XM_392727.7	2034	1615.92	1874	86.1847
XM_016914951.2	1760	1341.92	89	4.92883
XM_016914953.2	2318	1899.92	2	0.0782303
XM_006564403.3	2440	2021.92	966	35.5053
XM_006564382.3	2664	2245.92	505	16.71
XM_394838.7	2139	1720.92	130	5.61388
XM_623657.6	1224	805.92	603	55.604
XM_006570302.3	2351	1932.92	30	1.15342
XR_001705044.2	1221	802.92	7	0.647897
XM_006564026.3	1365	946.92	824	64.6687
XM_026443853.1	1063	644.92	4	0.46093
XM_623660.6	1201	782.92	0	0
XM_392951.7	2213	1794.92	144	5.96208
XM_016917222.2	686	320.623	551	127.714
XM_395635.6	1584	1165.92	703	44.8092
XM_026443859.1	2196	1777.92	491	20.5234
XM_003250814.4	6553	6134.92	216.044	2.61706
XM_006566488.2	1664	1245.92	0	0
XM_026443861.1	1299	880.92	529	44.6272
XM_006566489.3	1346	927.92	228	18.2602
XR_001704813.2	4271	3852.92	31	0.597932
XR_003305672.1	2061	1642.92	0	0
XM_006562407.3	1054	635.92	188	21.9703
XM_393789.6	1454	1035.92	566	40.6042
XM_006557423.3	2255	1836.92	170	6.87763
XR_003305673.1	3545	3126.92	6	0.142598
XM_395186.7	1255	836.92	165	14.6514
XM_001120401.5	877	472.541	469	73.7589
XM_006566619.3	2178	1759.92	128	5.40502
XM_395023.7	3102	2683.92	383	10.605
XM_624123.5	5723	5304.92	301	4.21666
XM_006566460.3	4686	4267.92	123	2.14175
XM_006566455.3	1497	1078.92	1427	98.2913
XM_001120000.5	1445	1026.92	134	9.69725
XR_003305677.1	934	521.975	0	0
XM_006566338.3	1055	636.92	1168	136.282
XM_006572181.3	1874	1455.92	1610	82.1805
XM_396584.5	1823	1404.92	367	19.4131
XM_393351.7	813	418.32	1800	319.775
XM_393602.7	2134	1715.92	166	7.18938
XR_408111.3	4227	3808.92	0	0
XR_003305681.1	1094	675.92	1	0.109947
XR_001705082.2	1116	697.92	0	0
XM_006564023.3	1775	1356.92	0	0
XM_026443868.1	2110	1691.92	105	4.61201
XM_391898.7	1104	685.92	1011	109.536
XM_001120855.5	574	239.741	898	278.364
XM_006566260.3	9020	8601.92	4	0.0345577
XM_623556.6	1628	1209.92	323	19.8393
XM_006564350.3	651	295.806	750	188.423
XM_006557447.3	1265	846.92	315	27.6407
XR_120184.4	1820	1401.92	0	0
XR_001704999.2	2714	2295.92	2	0.0647372
XR_003305683.1	1050	631.92	1	0.117603
XM_003249379.4	706	336.322	173	38.2271
XR_003305684.1	382	125.497	2	1.18434
XM_006566473.3	950	535.897	201	27.8737
XR_003305687.1	3033	2614.92	5	0.142099
XM_026443875.1	7217	6798.92	102	1.11491
XM_624671.6	820	424.245	278	48.6977
XM_006566550.3	644	290.379	69	17.6589
XM_397379.7	2424	2005.92	0	0
XM_397380.5	3063	2644.92	2034	57.1503
XM_006557448.3	850	449.277	1422	235.215
XM_006572315.3	2895	2476.92	38	1.14012
XR_003305695.1	1371	952.92	187	14.5836
XM_623748.5	669	308.785	3164	761.483
XM_624741.6	2537	2118.92	14	0.491014
XM_026443879.1	655	298.71	84	20.8982
XM_026443880.1	6711	6292.92	196	2.31464
XR_003305696.1	6815	6396.92	332	3.85698
XM_006571835.3	2124	1705.92	721	31.4092
XM_006571834.3	1582	1163.92	274	17.4948
XM_001120606.5	1005	586.92	315	39.8852
XM_006566498.3	6997	6578.92	155.843	1.76041
XM_391863.7	2716	2297.92	262	8.47319
XM_026443895.1	2158	1739.92	1208	51.5962
XM_006566511.3	1095	676.92	7	0.768495
XM_006566497.3	2107	1688.92	13	0.572025
XR_001704874.2	3870	3451.92	110.93	2.3882
XM_393737.7	3270	2851.92	252	6.56665
XM_006557433.3	972	555.971	2793	373.335
XR_003305700.1	770	385.61	14	2.69811
XM_026443897.1	1181	762.92	298	29.028
XM_001120853.5	2978	2559.92	9	0.261274
XM_393855.7	3965	3546.92	249	5.21709
XM_391930.5	1616	1197.92	72	4.46668
XM_026443901.1	4828	4409.92	213	3.58946
XM_396504.7	1678	1259.92	603	35.5676
XM_026443902.1	2507	2088.92	232	8.25366
XR_407720.3	3858	3439.92	1	0.0216039
XR_001704936.2	488	183.838	0	0
XM_393800.6	6896	6477.92	78	0.894828
XM_001120691.5	3162	2743.92	439	11.8898
XM_006566321.3	1533	1114.92	249	16.5972
XM_625166.6	808	414.561	2489	446.187
XM_625210.6	637	284.998	364	94.916
XM_001121539.5	1822	1403.92	474	25.0909
XM_003250856.4	9429	9010.92	93.0313	0.767257
XM_006566306.3	4803	4384.92	0	0
XM_393796.7	3915	3496.92	444	9.43578
XM_001121937.5	5902	5483.92	157	2.12759
XM_016914839.2	4505	4086.92	95	1.72746
XM_026443904.1	1078	659.92	92	10.3604
XM_625203.5	873	469.012	784	124.226
XM_001121910.4	3874	3455.92	0	0
XM_016915329.2	2934	2515.92	1	0.0295382
XR_003305704.1	463	169.02	0	0
XM_006564367.2	1858	1439.92	32	1.65155
XM_006564018.3	2014	1595.92	67	3.11992
XM_026443907.1	5652	5233.92	1177	16.7121
XM_016914966.2	3779	3360.92	303	6.69985
XM_001120134.5	1130	711.92	485	50.628
XM_006558033.3	816	420.82	260	45.9153
XR_003305705.1	2183	1764.92	37	1.55796
XR_003305718.1	3003	2584.92	21	0.603744
XR_001704848.2	1278	859.92	8	0.691373
XR_407694.3	1227	808.92	108	9.92199
XR_003305720.1	878	473.444	0	0
XM_001121505.5	601	258.874	16	4.59317
XM_016915320.2	1446	1027.92	0	0
XR_001705087.2	1464	1045.92	0	0
XR_410673.3	2216	1797.92	1	0.0413342
XR_001705085.2	1926	1507.92	0	0
XR_001705094.2	2826	2407.92	2	0.061726
XM_001121184.5	3459	3040.92	355	8.67568
XM_016914921.2	1934	1515.92	309	15.1483
XM_026443911.1	3098	2679.92	1	0.0277306
XM_397436.7	3304	2885.92	91	2.34335
XR_001704801.2	1510	1091.92	1	0.0680596
XM_006566468.3	1640	1221.92	12121	737.184
XM_624658.6	1047	628.92	4624	546.39
XR_003305725.1	5103	4684.92	21	0.333118
XR_409934.3	968	552.339	2	0.269094
XR_410602.3	2515	2096.92	9	0.318964
XM_001119879.5	631	280.645	11	2.91283
XM_001120519.5	1024	605.92	324	39.7384
XM_006558999.3	7235	6816.92	816	8.89575
XM_026443913.1	4953	4534.92	36	0.589947
XR_119827.4	1435	1016.92	32	2.33853
XR_001704858.2	1860	1441.92	0	0
XM_026443915.1	5252	4833.92	108	1.66037
XM_001120093.4	4140	3721.92	101	2.01667
XM_396789.6	5740	5321.92	87	1.21487
XM_396585.7	3616	3197.92	53.3875	1.24066
XM_006564374.3	1297	878.92	41	3.46669
XM_396788.6	1216	797.92	265	24.6812
XR_410674.3	700	331.371	0	0
XM_006564385.3	4416	3997.92	183	3.40171
XM_395236.7	6138	5719.92	605	7.86042
XM_001120667.5	3037	2618.92	209	5.93068
XM_006564387.3	1464	1045.92	623	44.266
XM_006564390.3	864	461.105	518	83.4853
XM_016915041.2	2805	2386.92	48	1.49446
XR_003305727.1	1084	665.92	62	6.91911
XM_006570434.3	3589	3170.92	890.103	20.861
XM_393759.5	1695	1276.92	275	16.0048
XM_391879.7	1209	790.92	833	78.2696
XR_003305730.1	1301	882.92	204	17.1707
XM_026443921.1	1839	1420.92	179	9.3619
XM_623271.6	1193	774.92	782	74.9947
XR_001706254.2	542	217.781	0	0
XM_026443924.1	4361	3942.92	759	14.3055
XM_006572174.3	3276	2857.92	448	11.6495
XR_003305731.1	975	558.72	5	0.665053
XR_003305732.1	6062	5643.92	1	0.0131674
XR_003305734.1	1675	1256.92	0	0
XM_396203.7	5526	5107.92	104	1.51311
XM_625098.6	2607	2188.92	1390	47.1917
XM_392911.7	1750	1331.92	673	37.5506
XM_393806.7	2518	2099.92	307	10.8647
XR_119829.4	1744	1325.92	0	0
XM_006566669.3	10283	9864.92	273	2.0566
XM_026443931.1	2553	2134.92	398	13.8542
XM_006566416.3	1813	1394.92	0	0
XM_006566431.3	1883	1464.92	3326	168.729
XM_006566414.3	1199	780.92	6337	603.056
XM_026443934.1	2515	2096.92	12	0.425285
XM_026443935.1	4565	4146.92	81	1.45158
XM_026443937.1	8253	7834.92	547.568	5.19379
XM_026443943.1	1889	1470.92	463	23.3923
XM_016914989.2	1765	1346.92	196	10.8142
XM_393747.6	1227	808.92	266	24.4375
XR_003305735.1	9611	9192.92	6	0.0485041
XM_006572344.3	2826	2407.92	889	27.4372
XM_001122178.5	1050	631.92	151	17.7581
XM_026443946.1	11831	11412.9	43	0.279996
XM_395055.7	1426	1007.92	375	27.6494
XM_003249378.4	1526	1107.92	0	0
XM_006558943.3	2096	1677.92	5	0.221452
XM_396824.6	1706	1287.92	8	0.461617
XM_006558946.3	280	86.164	0	0
XR_003305759.1	1798	1379.92	0	0
XR_003305760.1	1386	967.92	0	0
XM_003249075.4	2987	2568.92	267	7.72398
XM_006557415.3	3605	3186.92	1	0.023319
XM_391887.5	3596	3177.92	93	2.17481
XM_026443948.1	2939	2520.92	121	3.56703
XM_393769.7	1162	743.92	56	5.59425
XM_006557442.3	8958	8539.92	2389	20.7894
XR_001704901.2	2524	2105.92	4	0.141156
XM_006557424.3	871	467.258	282	44.8511
XM_006557425.3	1371	952.92	43	3.35345
XM_026443953.1	6116	5697.92	86	1.12166
XM_001122611.5	3159	2740.92	56	1.51835
XM_003249068.4	2750	2331.92	80	2.54951
XM_395698.7	2331	1912.92	216	8.39146
XM_001122640.5	783	394.368	4435	835.741
XM_396706.6	2980	2561.92	275	7.97715
XM_396705.6	2617	2198.92	486	16.4251
XM_001121117.5	2911	2492.92	292	8.70472
XM_003250841.4	1801	1382.92	2	0.107476
XM_026443956.1	766	382.457	74.9631	14.5662
XR_410753.3	4447	4028.92	11	0.202901
XR_410761.2	1247	828.92	2	0.179307
XM_625238.6	2687	2268.92	3652	119.617
XM_001123155.5	5922	5503.92	180	2.43042
XM_006558039.3	2473	2054.92	695	25.1345
XM_006566402.3	3197	2778.92	284	7.59491
XM_393823.6	2602	2183.92	176	5.98903
XM_016914762.2	3943	3524.92	102	2.15046
XM_624653.5	5141	4722.92	339	5.3342
XM_001119910.5	1974	1555.92	171	8.1675
XM_391916.7	1618	1199.92	2191	135.697
XM_391917.7	1527	1108.92	103	6.90268
XM_393821.7	2291	1872.92	283	11.2292
XM_624524.6	2805	2386.92	613	19.0855
XM_016914765.2	2227	1808.92	4	0.164332
XM_393827.7	3143	2724.92	211	5.75452
XM_006566408.3	877	472.541	0	0
XR_120311.4	4505	4086.92	3	0.0545514
XM_393828.6	4481	4062.92	878.014	16.0599
XM_393830.7	1629	1210.92	351	21.5413
XM_026443958.1	2119	1700.92	676	29.5354
XM_393829.6	1146	727.92	361	36.8556
XR_410593.3	2072	1653.92	37	1.66252
XM_003250399.4	4412	3993.92	19	0.353537
XM_006566512.3	4086	3667.92	108	2.18819
XM_006566515.3	3090	2671.92	94	2.61448
XM_624933.6	1654	1235.92	421	25.3147
XR_003305776.1	1413	994.92	14	1.04573
XM_006562415.3	11627	11208.9	420	2.78462
XM_396871.7	6099	5680.92	4899	64.0869
XM_625179.6	4431	4012.92	387	7.16689
XM_003251509.4	1680	1261.92	199	11.7193
XR_411807.3	2497	2078.92	36	1.2869
XM_026443968.1	2763	2344.92	11	0.348614
XR_001706140.2	343	117.214	0	0
XM_393332.7	2607	2188.92	654	22.2038
XM_006571849.3	4592	4173.92	206	3.66778
XM_016917237.2	1777	1358.92	85	4.64842
XM_393750.7	5457	5038.92	104	1.53383
XM_393751.7	6739	6320.92	604.594	7.10827
XM_026443973.1	1782	1363.92	76	4.141
XM_003251514.4	5280	4861.92	75	1.14639
XM_006570328.3	3404	2985.92	135	3.35997
XM_016914797.2	846	445.815	0	0
XM_625071.6	1922	1503.92	205	10.13
XM_393233.7	2069	1650.92	185	8.32772
XM_026443979.1	4254	3835.92	75	1.45302
XM_006570349.3	1752	1333.92	1632	90.9224
XM_003251485.4	1760	1341.92	323	17.8878
XM_026443981.1	1449	1030.92	2939	211.863
XM_624477.6	1273	854.92	463	40.2472
XM_026443982.1	5087	4668.92	404	6.43051
XR_003305777.1	362	125.2	2	1.18716
XM_006562037.3	1523	1104.92	211	14.1916
XM_026443984.1	3134	2715.92	125	3.42037
XM_026443990.1	824	427.578	0	0
XM_026443991.1	3710	3291.92	1111	25.081
XM_016915085.2	4241	3822.92	72	1.39964
XM_006566564.3	5608	5189.92	663	9.49365
XM_391869.7	2173	1754.92	71	3.00664
XM_006566568.3	962	546.891	118	16.0347
XR_003305778.1	575	240.357	950	293.729
XR_003305779.1	480	178.984	2	0.830419
XM_003250338.4	1547	1128.92	28	1.84321
XM_003250339.4	1235	816.92	18	1.63747
XM_006564032.3	1735	1316.92	1034	58.3501
XM_026443994.1	788	398.479	130	24.2448
XM_006564030.3	865	461.969	481	77.3772
XM_001120796.5	521	204.354	465	169.102
XM_003250344.4	2717	2298.92	140	4.52569
XM_397345.6	2891	2472.92	341	10.2477
XM_006570310.3	7777	7358.92	280	2.82764
XM_396874.7	3223	2804.92	1225	32.4561
XR_003305781.1	1849	1430.92	4	0.207742
XR_003305784.1	598	256.687	7	2.02663
XM_001122322.5	3388	2969.92	225	5.63013
XM_001122306.5	2995	2576.92	292	8.42097
XM_003251510.4	2770	2351.92	364	11.5016
XM_006558932.3	1965	1546.92	343	16.4781
XR_003305787.1	6522	6103.92	1	0.0121751
XM_006564334.3	5871	5452.92	413	5.62861
XM_393145.6	2170	1751.92	197	8.35665
XM_393736.6	1695	1276.92	0	0
XM_391861.7	1008	589.92	7	0.881831
XR_003305788.1	723	349.55	0	0
XM_006564356.3	7128	6709.92	191	2.11542
XR_003305790.1	946	532.341	1	0.139602
XR_001704890.2	2478	2059.92	1	0.036077
XR_003305791.1	6233	5814.92	0	0
XM_016915089.2	1924	1505.92	785	38.739
XM_001121305.5	2191	1772.92	4	0.167668
XM_006566479.3	2017	1598.92	295.901	13.7531
XM_006566474.3	441	156.079	273	129.986
XR_001704924.2	716	344.028	0	0
XM_006566481.3	825	428.41	4	0.693874
XM_001121442.5	860	457.685	3632	589.739
XM_006566268.3	5832	5413.92	2709	37.1858
XM_006566285.3	3508	3089.92	107	2.57346
XM_026444009.1	4386	3967.92	3	0.0561874
XM_006566698.3	5049	4630.92	96	1.54058
XM_016915150.2	4185	3766.92	247	4.87294
XM_623888.6	3281	2862.92	151	3.91966
XM_016914880.2	3372	2953.92	13	0.327058
XM_026444014.1	2650	2231.92	10	0.332967
XM_026444015.1	941	528.049	97	13.6514
XM_016914876.2	1303	884.92	747	62.7331
XM_395387.7	6032	5613.92	131	1.73415
XM_392786.7	2455	2036.92	151	5.50913
XM_026444017.1	5963	5544.92	256	3.43103
XM_006570283.3	8217	7798.92	48	0.457391
XM_026444022.1	2969	2550.92	154	4.48647
XM_016914871.2	1706	1287.92	85	4.90468
XM_026444023.1	3083	2664.92	469	13.0788
XM_026444026.1	1570	1151.92	189	12.1933
XM_396159.5	888	481.804	336	51.8261
XM_006570291.3	1095	676.92	617	67.7374
XM_006570281.3	590	250.902	1992	590.02
XR_003305794.1	2990	2571.92	8	0.23116
XM_006566265.3	5467	5048.92	169	2.48753
XM_026444032.1	1089	670.92	42	4.65221
XM_026444037.1	4289	3870.92	142	2.72618
XM_016915139.2	4420	4001.92	188	3.49116
XM_393779.7	2117	1698.92	99	4.33055
XM_026444041.1	5541	5122.92	92	1.3346
XM_001119971.5	2709	2290.92	217	7.03931
XM_391875.7	1715	1296.92	1286	73.6899
XM_003251492.4	1366	947.92	108	8.46706
XM_001121441.5	4460	4041.92	85	1.56283
XM_003249162.4	1473	1054.92	225	15.8505
XR_003305797.1	1959	1540.92	0	0
XM_026444048.1	4353	3934.92	317	5.98692
XM_026444057.1	502	192.447	19	7.33706
XM_001120607.5	790	400.166	2106	391.11
XR_003305798.1	1773	1354.92	1	0.0548488
XR_408154.3	1617	1198.92	0	0
XM_394932.7	3194	2775.92	324	8.67398
XM_623346.6	1909	1490.92	666	33.1971
XM_006566585.3	1437	1018.92	158	11.5238
XM_003250827.4	3313	2894.92	492	12.6302
XM_001121155.5	2587	2168.92	421	14.4251
XM_001120472.5	1302	883.92	247	20.7666
XM_006564418.3	7388	6969.92	139	1.48207
XM_006564414.3	4739	4320.92	113	1.94349
XM_006564412.3	2648	2229.92	9	0.299939
XM_026444063.1	1408	989.92	3	0.225217
XM_026444064.1	619	272.264	1	0.272954
XM_026444065.1	3890	3471.92	268	5.73648
XM_393037.7	1140	721.92	1274	131.148
XM_624986.6	1852	1433.92	519	26.8982
XM_026444070.1	1066	647.92	672	77.0776
XM_016915095.2	1224	805.92	505	46.5672
XR_003305799.1	645	291.13	51	13.0186
XM_026444071.1	3275	2856.92	118	3.06948
XM_006558048.3	2739	2320.92	407	13.0321
XM_026444073.1	2507	2088.92	21	0.747099
XR_003305800.1	1427	1008.92	35	2.57805
XR_003305801.1	691	324.463	2	0.458084
XR_003305802.1	975	558.72	6	0.798064
XR_003305805.1	871	467.258	24	3.81711
XM_016915060.2	6195	5776.92	130	1.67235
XM_016915071.2	2746	2327.92	2	0.0638473
XM_016915073.2	1062	643.92	0	0
XR_003305807.1	2284	1865.92	0	0
XM_006566654.3	3945	3526.92	258	5.43631
XM_625089.6	2764	2345.92	390	12.3547
XM_394978.7	1593	1174.92	24	1.51804
XM_392998.7	1331	912.92	336	27.3519
XM_625108.5	1039	620.92	12	1.43624
XM_397261.7	1568	1149.92	1566	101.206
XM_623707.6	2623	2204.92	300	10.1113
XM_006558970.3	2328	1909.92	0	0
XM_016915020.2	3724	3305.92	572	12.8583
XM_395833.7	1379	960.92	365	28.2284
XM_003249375.4	1040	621.92	235	28.0811
XM_006558981.3	757	375.677	627	124.032
XM_001120666.5	650	294.98	213	53.6621
XM_026444087.1	1962	1543.92	88	4.23583
XM_623275.4	1717	1298.92	49	2.80346
XM_026444091.1	1774	1355.92	1084	59.4122
XM_393002.7	1245	826.92	629	56.5285
XM_623322.5	1074	655.92	214	24.2462
XM_006558997.3	12637	12218.9	972	5.91172
XM_001120471.5	1309	890.92	730	60.8926
XM_016914674.2	1186	767.92	61	5.90329
XM_006558996.3	4715	4296.92	467	8.07681
XM_006562386.3	3695	3276.92	654	14.8317
XM_001123212.5	1559	1140.92	876	57.0597
XM_391899.7	4464	4045.92	97	1.7817
XR_001704976.2	1196	777.92	807	77.0937
XM_006570379.2	4921	4502.92	465	7.67431
XM_016914727.2	8199	7780.92	543	5.1862
XM_006570403.3	3875	3456.92	291	6.25582
XM_624819.6	3879	3460.92	1322	28.3871
XM_396547.7	4454	4035.92	87	1.60198
XM_396542.7	3310	2891.92	551	14.1594
XM_026444111.1	5005	4586.92	218	3.53196
XM_006570387.3	2513	2094.92	56	1.98656
XM_006570392.3	2392	1973.92	534	20.1044
XM_026444117.1	3010	2591.92	111	3.1826
XM_026444118.1	2081	1662.92	38	1.69821
XM_623394.6	3672	3253.92	1272.66	29.066
XM_006570388.3	2687	2268.92	172	5.63365
XM_393259.7	1231	812.92	213	19.4721
XM_393258.7	1571	1152.92	180	11.6026
XM_016914759.2	1201	782.92	17	1.61366
XM_623241.6	1054	635.92	288	33.6566
XM_001121212.5	584	246.617	480	144.644
XR_001704712.2	361	124.937	0	0
XR_003305812.1	162	35.1897	1185	2502.55
XM_395009.6	1495	1076.92	693	47.8223
XM_026444140.1	6052	5633.92	185	2.44029
XM_395531.7	2214	1795.92	28	1.15865
XM_016915547.2	4519	4100.92	381	6.90437
XM_006562256.3	3592	3173.92	6	0.140487
XM_026444141.1	2758	2339.92	365	11.5924
XM_393271.7	3984	3565.92	21	0.437651
XM_016915417.2	2231	1812.92	569	23.3246
XM_006565239.3	1773	1354.92	474	25.9983
XM_016915416.2	1050	631.92	990	116.427
XM_006565242.3	4047	3628.92	339	6.94229
XM_006565246.3	2807	2388.92	390	12.1323
XM_006565251.3	1316	897.92	75	6.20732
XM_016915414.2	2294	1875.92	335	13.2712
XM_006565254.3	1161	742.92	63712	6373.23
XM_006565255.3	1234	815.92	225	20.4935
XM_016915413.2	904	495.903	358	53.6496
XM_395917.7	1302	883.92	945	79.451
XM_396066.6	1534	1115.92	186	12.3868
XM_001119973.4	1202	783.92	659	62.4733
XM_624705.5	2250	1831.92	390	15.8212
XM_026444149.1	1675	1256.92	254	15.0178
XM_391935.7	1918	1499.92	593	29.381
XM_001122002.5	2106	1687.92	9	0.396252
XM_003250916.4	1602	1183.92	84	5.27275
XR_003305814.1	2119	1700.92	3	0.131074
XM_026444155.1	4073	3654.92	93	1.89097
XM_395274.6	2519	2100.92	2	0.0707458
XM_026444164.1	1712	1293.92	4	0.229738
XM_624556.6	2087	1668.92	252	11.2214
XM_001120618.5	5217	4798.92	181	2.80295
XR_001705234.2	486	182.626	1	0.406929
XM_026444167.1	8043	7624.92	410	3.99603
XM_003249416.4	4311	3892.92	825	15.7492
XM_006559268.3	729	354.202	1797	377.031
XM_391922.5	5435	5016.92	270	3.99951
XM_393837.7	2754	2335.92	355	11.2941
XM_026444169.1	9764	9345.92	642	5.10497
XM_016915531.2	8325	7906.92	557	5.23514
XR_003305815.1	1002	583.92	0	0
XM_016915400.2	3935	3516.92	1	0.0211309
XM_026444170.1	8063	7644.92	44.2172	0.429832
XR_003305816.1	1933	1514.92	0	0
XR_003305817.1	1154	735.92	0	0
XM_391943.7	2399	1980.92	12	0.450189
XM_016915394.2	1476	1057.92	0	0
XM_006566960.3	2728	2309.92	14	0.450414
XM_026444174.1	2821	2402.92	225	6.95863
XM_393865.7	1677	1258.92	232	13.6953
XM_003250921.4	1302	883.92	0	0
XR_003305818.1	4320	3901.92	75	1.42844
XM_026444175.1	3264	2845.92	349	9.11346
XM_026444180.1	3939	3520.92	152	3.20825
XM_026444185.1	2311	1892.92	404	15.861
XM_624644.5	672	310.978	71	16.9672
XM_003250903.4	5430	5011.92	587	8.70391
XM_026444194.1	1640	1221.92	138	8.39299
XM_625131.6	1237	818.92	114	10.3453
XM_026444196.1	4881	4462.92	199	3.31371
XM_026444198.1	2541	2122.92	1815	63.5365
XM_026444199.1	891	484.453	19484	2988.87
XM_396194.7	4354	3935.92	193	3.64411
XM_006561194.3	3092	2673.92	697	19.3716
XR_409021.3	597	255.928	61	17.713
XM_006566976.3	4467	4048.92	3	0.0550633
XM_006561205.3	5535	5116.92	123	1.78639
XM_016915571.2	1988	1569.92	130	6.15384
XM_026444202.1	11013	10594.9	1573	11.0335
XM_391920.7	1805	1386.92	196	10.5023
XM_393834.7	2190	1771.92	233	9.7722
XM_391919.7	820	424.245	1827	320.038
XM_623244.6	947	533.247	966	134.626
XM_016915574.2	1338	919.92	0	0
XM_026444219.1	6376	5957.92	193	2.40737
XM_396085.7	1967	1548.92	2	0.0959581
XM_393863.6	4314	3895.92	350	6.67634
XM_391934.7	1197	778.92	3619	345.284
XM_026444225.1	2834	2415.92	94	2.89152
XM_006565263.3	1169	750.92	2531	250.483
XM_016915580.2	839	440.008	662	111.809
XM_026444251.1	3713	3294.92	112	2.52612
XM_395812.6	1296	877.92	219	18.5383
XM_001121507.5	1172	753.92	7	0.690007
XM_623772.6	2240	1821.92	170	6.93426
XM_006565258.3	1760	1341.92	170	9.41462
XM_394981.7	1646	1227.92	734	44.4228
XM_026444254.1	5990	5571.92	573	7.64241
XM_016915600.2	6395	5976.92	182	2.26295
XM_026444263.1	1715	1296.92	127	7.27731
XM_026444265.1	1411	992.92	62	4.64043
XM_392692.7	1323	904.92	209	17.1639
XM_016915435.2	1552	1133.92	114	7.47142
XM_026444267.1	791	400.98	172	31.8776
XM_393545.7	2429	2010.92	446	16.4824
XM_006566916.3	1302	883.92	312	26.2314
XM_026444269.1	10363	9944.92	159	1.18816
XM_001120975.5	830	432.602	61	10.4791
XM_006566914.3	1597	1178.92	132	8.32089
XM_006566903.3	12434	12015.9	682.419	4.2206
XM_026444284.1	1478	1059.92	2	0.140229
XM_026444287.1	2917	2498.92	0	0
XR_003305837.1	3594	3175.92	4	0.0935989
XM_006572202.3	2758	2339.92	39	1.23864
XM_623632.6	1334	915.92	340	27.5868
XM_003251860.4	1470	1051.92	141	9.96132
XM_623596.6	1173	754.92	2450	241.182
XM_006565203.3	3849	3430.92	801	17.3501
XM_625100.6	2452	2033.92	111	4.05573
XM_016915442.2	3080	2661.92	579	16.1646
XM_006565207.3	1714	1295.92	1	0.0573459
XM_001121035.5	1667	1248.92	17	1.01157
XM_396742.6	1419	1000.92	1988	147.604
XM_003250553.4	1105	686.92	818	88.4968
XM_006565205.3	683	318.521	21	4.8996
XM_006565206.3	2127	1708.92	1	0.0434869
XM_026444294.1	1369	950.92	800	62.5211
XM_016917389.2	1524	1105.92	9	0.604783
XM_396981.7	3264	2845.92	144	3.76028
XM_003250566.4	4233	3814.92	424	8.25963
XM_001120601.5	1361	942.92	1533	120.822
XM_006566991.3	2334	1915.92	214	8.30074
XM_026444300.1	5905	5486.92	23	0.311515
XM_016915537.2	1240	821.92	0	0
XM_623430.6	1012	593.92	442	55.3063
XM_006558315.3	1675	1256.92	0	0
XM_397101.7	2482	2063.92	37	1.33226
XM_001119826.5	629	279.188	1533	408.061
XM_006558845.3	2998	2579.92	218	6.27958
XM_026444301.1	4002	3583.92	2.06017	0.0427193
XM_393544.6	1427	1008.92	44	3.24098
XM_016915605.2	4320	3901.92	344	6.5518
XR_003305841.1	340	115.802	0	0
XM_392671.7	1132	713.92	325	33.831
XM_006560802.3	2487	2068.92	92	3.30464
XM_006560801.3	1942	1523.92	7	0.341363
XM_396670.7	2786	2367.92	126	3.95443
XM_006565268.3	4538	4119.92	102	1.83989
XM_006565270.3	2026	1607.92	1	0.0462185
XM_001123319.5	829	431.804	684	117.72
XM_016915486.2	13344	12925.9	122	0.701421
XM_006566990.3	1416	997.92	623	46.3952
XM_395319.7	1654	1235.92	614	36.9197
XM_016915576.2	2621	2202.92	6	0.20241
XM_006559260.3	1565	1146.92	536	34.7306
XM_006559262.3	1380	961.92	138	10.6616
XM_006558306.3	2611	2192.92	11	0.372778
XM_006558330.3	1224	805.92	4	0.368849
XM_016915353.2	1308	889.92	2	0.167017
XR_003305843.1	1400	981.92	11	0.832524
XM_006558104.3	7530	7111.92	28.0008	0.292593
XR_001706250.2	628	278.476	2	0.533731
XM_395787.7	3198	2779.92	170	4.54461
XM_026444318.1	616	270.093	5873	1615.95
XM_625117.6	3492	3073.92	138	3.33631
XM_392624.7	3675	3256.92	29	0.661716
XM_016915614.2	4385	3966.92	63	1.18023
XM_003249352.4	890	483.589	0	0
XM_006559231.3	2799	2380.92	1715	53.5303
XR_003305844.1	2417	1998.92	14.2039	0.52807
XR_003305845.1	1264	845.92	12	1.05422
XR_003305846.1	1176	757.92	0	0
XR_003305847.1	1082	663.92	139	15.5589
XM_006572098.3	2185	1766.92	2214	93.1196
XM_623819.6	1477	1058.92	565	39.6521
XM_393528.6	1443	1024.92	119	8.62854
XM_001121654.4	1319	900.92	8605	709.815
XM_393383.7	1690	1271.92	184	10.7507
XM_006558301.3	4587	4168.92	398	7.0948
XM_003251859.4	5157	4738.92	10	0.15682
XM_624662.6	8311	7892.92	50	0.470774
XM_624641.5	6556	6137.92	400	4.84305
XM_006565173.3	2722	2303.92	230	7.41892
XM_006562241.3	937	524.46	1	0.141699
XM_026444326.1	2275	1856.92	43	1.7209
XM_396842.7	720	347.163	199	42.5991
XM_006558318.3	1576	1157.92	44	2.82393
XM_003249214.4	2040	1621.92	186	8.52244
XM_006568253.3	1537	1118.92	1974	131.108
XM_395256.7	1890	1471.92	1177	59.4255
XM_396025.6	4883	4464.92	21	0.349531
XM_001122504.5	666	306.741	456	110.477
XM_001122510.5	487	183.236	2526	1024.48
XM_001122523.5	494	187.554	752	297.97
XR_003305855.1	242	70.9468	1	1.04748
XM_006566957.3	16264	15845.9	462	2.16673
XM_016915383.2	2331	1912.92	464	18.0261
XM_625277.6	2186	1767.92	21	0.882749
XM_026444333.1	9695	9276.92	0	0
XR_003305856.1	4771	4352.92	4	0.0682904
XR_003305858.1	3765	3346.92	0	0
XM_006572095.3	1701	1282.92	442	25.6037
XM_003250565.4	3920	3501.92	14	0.2971
XM_006562266.3	2254	1835.92	42	1.70011
XM_396090.6	1703	1284.92	278	16.0786
XM_006562271.3	831	433.416	926	158.777
XM_003250003.4	4055	3636.92	207	4.22977
XM_006565160.3	3656	3237.92	3	0.068855
XM_394852.7	1284	865.92	1831	157.142
XM_625017.6	2542	2123.92	31	1.08469
XM_016915606.2	1140	721.92	0	0
XM_026444338.1	759	377.066	0	0
XR_003305859.1	1093	674.92	70	7.70772
XM_393870.7	3307	2888.92	433	11.1387
XM_391942.7	6115	5696.92	103	1.34362
XM_396241.6	3753	3334.92	26	0.579386
XM_026444341.1	3486	3067.92	708	17.1502
XR_410846.3	2567	2148.92	1	0.0345828
XR_003305860.1	1002	583.92	0	0
XM_003249415.4	1880	1461.92	28	1.42336
XM_623595.5	990	572.699	1209	156.885
XM_006565196.3	1993	1574.92	29	1.36842
XM_026444351.1	3008	2589.92	204	5.85362
XR_410821.3	3338	2919.92	64	1.62888
XM_393631.7	1638	1219.92	487	29.6673
XM_623593.5	2653	2234.92	111	3.69098
XM_392569.6	1354	935.92	650	51.6125
XM_016915364.2	2195	1776.92	2	0.0836455
XM_016915622.2	3255	2836.92	19	0.497722
XM_026444357.1	1911	1492.92	20	0.995575
XM_006565238.3	1924	1505.92	4	0.197396
XM_016915623.2	1748	1329.92	8	0.447038
XM_016915624.2	1173	754.92	4581	450.962
XM_006558333.2	3535	3116.92	9	0.214584
XM_001120669.5	1909	1490.92	0	0
XM_393046.7	1156	737.92	1131	113.903
XM_016915470.2	7735	7316.92	4	0.0406268
XM_016915479.2	1441	1022.92	4	0.290602
XM_003249241.4	853	451.846	1777	292.265
XM_006558313.3	838	439.168	97	16.4143
XM_006558314.3	706	336.322	0	0
XM_026444363.1	2182	1763.92	1	0.042131
XR_001705196.2	552	224.47	1	0.331072
XM_026444364.1	3469	3050.92	4143.76	100.936
XM_016915477.2	1237	818.92	30	2.72245
XR_119778.4	506	194.837	6	2.28854
XR_003305861.1	1878	1459.92	0	0
XR_409365.3	322	107.191	0	0
XM_624549.6	1414	995.92	436	32.5344
XM_393632.7	1842	1423.92	23	1.20039
XM_395770.6	1295	876.92	351	29.7459
XM_623833.6	1282	863.92	546	46.9677
XM_624345.6	1233	814.92	161	14.6822
XM_001120842.5	1448	1029.92	1077	77.7128
XM_624910.6	1408	989.92	1285	96.468
XM_006565266.3	4167	3748.92	6.01514	0.119239
XM_397155.7	807	413.691	118	21.1976
XR_003305865.1	578	242.434	0	0
XM_026444384.1	6192	5773.92	545	7.01465
XM_016915502.2	4395	3976.92	25	0.467169
XM_026444392.1	4004	3585.92	2	0.0414486
XM_625068.6	2222	1803.92	34	1.40069
XM_397471.7	2911	2492.92	586	17.4691
XM_393651.6	1279	860.92	65	5.61088
XM_624501.6	1512	1093.92	1004	68.2069
XM_623747.5	1130	711.92	1950	203.556
XM_396197.7	1316	897.92	302	24.9948
XM_001120888.5	641	288.023	203	52.378
XM_026444398.1	2332	1913.92	2	0.0776581
XM_016915626.2	1934	1515.92	404	19.8055
XM_395092.7	636	284.209	2	0.522964
XR_001705281.2	672	310.978	14.3911	3.43909
XM_001122763.5	1403	984.92	94	7.09263
XM_003249999.4	2073	1654.92	1	0.0449059
XM_003250000.4	544	219.058	0	0
XM_006562208.3	1361	942.92	0	0
XM_006562210.3	1471	1052.92	0	0
XM_006562209.3	1749	1330.92	43	2.40103
XR_003305867.1	548	221.701	0	0
XM_026444401.1	1614	1195.92	13	0.807833
XM_026444402.1	1750	1331.92	17	0.94853
XM_016915411.2	3234	2815.92	534	14.0929
XM_016915407.2	4011	3592.92	54	1.11693
XM_395643.7	2694	2275.92	486	15.8694
XM_003250926.4	1502	1083.92	323	22.1455
XM_392894.7	2075	1656.92	1643	73.6913
XM_003250915.4	2815	2396.92	127	3.93759
XM_006566874.3	2887	2468.92	30	0.903014
XM_393876.7	1497	1078.92	573	39.4681
XM_026444404.1	1805	1386.92	6	0.321499
XR_003305868.1	3303	2884.92	0	0
XR_003305869.1	6849	6430.92	0	0
XR_003305870.1	1368	949.92	5	0.391168
XM_006562263.3	3110	2691.92	0	0
XM_625081.5	1106	687.92	573	61.9009
XM_006565169.3	1170	751.92	23	2.27319
XR_003305871.1	1937	1518.92	0	0
XM_624769.5	1519	1100.92	52	3.51017
XM_003250905.4	306	99.0146	11	8.25608
XR_003305872.1	6344	5925.92	44	0.551794
XR_409363.3	469	172.375	4	1.72451
XR_409353.3	2427	2008.92	135	4.99403
XM_001120351.4	764	380.879	5303	1034.7
XR_003305875.1	5233	4814.92	2	0.0308689
XM_001120703.5	2568	2149.92	116	4.00974
XR_003305876.1	1337	918.92	5	0.404364
XR_003305879.1	2278	1859.92	1	0.0399564
XR_407815.3	1844	1425.92	37	1.92835
XR_001705294.2	452	162.416	0	0
XR_001705300.2	3663	3244.92	2	0.0458043
XM_623818.6	893	486.224	431	65.8752
XM_006562234.3	9561	9142.92	274	2.22713
XM_001120274.5	1548	1129.92	1	0.0657707
XM_623982.6	1507	1088.92	464	31.6667
XR_003305880.1	1331	912.92	0	0
XM_006566861.3	8801	8382.92	836.279	7.41373
XM_006566860.3	8235	7816.92	133	1.26443
XR_409352.3	3836	3417.92	0	0
XM_006561197.3	13927	13508.9	4962.91	27.3021
XM_006562228.3	11971	11552.9	204.61	1.31618
XM_026444411.1	7003	6584.92	621.709	7.01644
XM_003250013.4	1320	901.92	2	0.164794
XM_026444427.1	1195	776.92	0	0
XM_026444428.1	434	152.661	4	1.9472
XR_003305883.1	2521	2102.92	0	0
XR_003305885.1	4609	4190.92	0	0
XR_003305890.1	1683	1264.92	0	0
XR_003305891.1	5519	5100.92	2	0.0291381
XR_001705115.2	2084	1665.92	0	0
XR_003305893.1	570	236.993	1	0.313578
XR_003305894.1	13338	12919.9	126	0.724755
XM_016915620.2	1759	1340.92	214	11.8602
XM_393860.7	2826	2407.92	1027	31.6963
XM_003250913.4	4841	4422.92	62.8551	1.05612
XM_393277.6	5681	5262.92	227	3.20538
XM_026444439.1	2965	2546.92	0	0
XM_026444440.1	3064	2645.92	1	0.0280869
XM_026444441.1	3055	2636.92	0	0
XM_026444442.1	2967	2548.92	0	0
XM_026444443.1	2023	1604.92	0	0
XM_026444444.1	3171	2752.92	0	0
XM_003249230.4	3899	3480.92	0	0
XM_026444445.1	2399	1980.92	0	0
XM_026444446.1	1422	1003.92	1093	80.9099
XM_026444447.1	678	315.343	0	0
XM_016915360.2	3854	3435.92	0	0
XM_026444448.1	5883	5464.92	0	0
XM_026444449.1	1920	1501.92	792	39.1885
XM_006559245.3	3373	2954.92	523	13.1534
XM_395280.7	2697	2278.92	399	13.0114
XR_001705204.2	638	285.745	6	1.56046
XM_026444450.1	3373	2954.92	20	0.502996
XM_026444451.1	1826	1407.92	114	6.01738
XM_026444452.1	1084	665.92	0	0
XM_026444453.1	9730	9311.92	10	0.079807
XM_026444454.1	6485	6066.92	109	1.33518
XM_006566879.2	863	460.242	763	123.202
XM_016915365.2	9209	8790.92	5	0.0422684
XM_393850.7	981	564.396	21	2.76513
XM_006565218.3	3583	3164.92	624	14.6522
XM_391929.6	6443	6024.92	238	2.93566
XM_026444457.1	2299	1880.92	82	3.23984
XM_016915440.2	2052	1633.92	160	7.27729
XM_393853.7	4211	3792.92	27080	530.586
XM_026444461.1	1949	1530.92	0	0
XM_026444462.1	2917	2498.92	53	1.57617
XM_006565229.3	2704	2285.92	78	2.53579
XM_006565234.3	2625	2206.92	31	1.04389
XM_623722.5	2120	1701.92	1133	49.4733
XM_006557596.3	4003	3584.92	156	3.23389
XM_001122824.5	1741	1322.92	2	0.112351
XM_001120035.5	8481	8062.92	199	1.83418
XM_016915495.2	1185	766.92	9	0.872113
XM_016915497.2	979	562.523	5	0.660557
XR_408265.3	1243	824.92	24	2.16212
XR_001705203.2	354	121.515	0	0
XR_003305898.1	859	456.867	18	2.92794
XM_026444467.1	1592	1173.92	16	1.01289
XM_395612.7	1017	598.92	256	31.7652
XM_016915498.2	1237	818.92	0	0
XM_026444470.1	582	245.18	4042	1225.16
XM_016915581.2	1535	1116.92	6	0.399218
XM_016915586.2	1774	1355.92	0	0
XM_003249219.4	1971	1552.92	0	0
XM_003249220.4	1883	1464.92	0	0
XM_006558326.3	2038	1619.92	0	0
XM_001120948.5	2181	1762.92	0	0
XM_003249181.4	1652	1233.92	0	0
XM_003249233.4	1352	933.92	83	6.60464
XM_006558321.3	1152	733.92	184	18.6316
XM_026444473.1	1183	764.92	0	0
XM_016915561.2	1026	607.92	1	0.122246
XR_407740.3	2710	2291.92	1	0.0324251
XR_003305900.1	2142	1723.92	70	3.0176
XM_016915507.2	10408	9989.92	161.022	1.19786
XM_006566886.3	5403	4984.92	630	9.3921
XM_003250928.4	1247	828.92	1	0.0896536
XM_001121958.5	3053	2634.92	593.676	16.7441
XM_393861.7	2061	1642.92	50	2.26169
XR_003305901.1	2321	1902.92	0	0
XM_001120974.5	3751	3332.92	0	0
XM_006562260.3	6661	6242.92	646	7.68998
XM_006562285.3	3834	3415.92	19	0.413358
XM_003250009.4	3890	3471.92	0	0
XM_026444485.1	4333	3914.92	635	12.054
XM_003249782.4	913	503.606	204	30.1037
XM_006566974.3	532	211.33	1865	655.84
XM_393867.7	3085	2666.92	100	2.78657
XM_006566963.3	6092	5673.92	58	0.75967
XM_006566962.3	1554	1135.92	1465	95.8452
XM_026444487.1	1075	656.92	1919	217.092
XM_026444488.1	10092	9673.92	508	3.90249
XR_410852.3	1081	662.92	31	3.47521
XR_001705216.2	923	512.429	14	2.03037
XR_001705220.2	3060	2641.92	46	1.29395
XR_003305905.1	5830	5411.92	4	0.0549274
XM_393406.7	3430	3011.92	244	6.02042
XM_001120901.5	1485	1066.92	329	22.9163
XM_026444491.1	3348	2929.92	101	2.5618
XM_006560800.3	2314	1895.92	247	9.68183
XM_623999.6	1667	1248.92	1686	100.324
XM_003250548.4	2082	1663.92	398	17.7759
XM_397281.7	928	516.849	1762	253.351
XR_001705236.2	572	238.361	19	5.92379
XM_397279.7	1955	1536.92	37	1.78908
XM_624083.6	836	437.578	1364	231.654
XM_006565170.3	4023	3604.92	197	4.06117
XR_001705211.2	6372	5953.92	4508	56.268
XM_006560791.3	1451	1032.92	142	10.2165
XR_119971.4	1975	1556.92	30	1.43197
XM_006562245.3	12478	12059.9	211.9	1.30577
XM_624125.5	11561	11142.9	3166.73	21.12
XM_006562253.3	2155	1736.92	181	7.74425
XM_003249995.4	2275	1856.92	0	0
XM_003249997.4	2590	2171.92	558.721	19.1175
XR_001705187.2	1079	660.92	2	0.224886
XR_001705188.2	1389	970.92	2	0.153083
XM_006562254.3	5402	4983.92	24	0.357866
XM_016915530.2	4415	3996.92	186.18	3.46169
XR_003305906.1	2707	2288.92	1	0.0324676
XM_393450.7	1325	906.92	629	51.5421
XM_026444501.1	4195	3776.92	659	12.9667
XM_026444510.1	4137	3718.92	57	1.13904
XM_003250011.4	2556	2137.92	0	0
XM_006562214.3	1403	984.92	1	0.0754535
XR_003305907.1	119	24.4922	16.7702	50.8853
XR_003305908.1	119	24.4922	16.7702	50.8853
XR_003305909.1	119	24.4922	16.7702	50.8853
XR_003305910.1	119	24.4922	16.7702	50.8853
XR_003305911.1	120	24.7373	0	0
XR_003305912.1	120	24.7373	2.161e-06	6.49205e-06
XR_003305913.1	121	25.1421	0	0
XR_003305914.1	107	22.4167	17.3333	57.4634
XR_003305915.1	107	22.4167	17.3333	57.4634
XR_003305916.1	119	24.4922	16.7702	50.8853
XR_003305917.1	129	27.1163	5	13.7031
XR_003305918.1	119	24.4922	16.7702	50.8853
XR_003305919.1	119	24.4922	16.7702	50.8853
XR_003305920.1	119	24.4922	16.7702	50.8853
XM_001120437.5	5209	4790.92	199	3.08684
XM_026444565.1	2982	2563.92	139	4.02894
XM_393319.7	6649	6230.92	107.546	1.28269
XM_016915889.2	5715	5296.92	86	1.20658
XM_026444568.1	2689	2270.92	928	30.3687
XM_397038.7	6003	5584.92	58.0288	0.772159
XR_003305925.1	1378	959.92	0	0
XM_001122254.5	2524	2105.92	679	23.9612
XM_393885.5	4067	3648.92	0	0
XM_006557824.3	1741	1322.92	25	1.40439
XM_393886.6	1520	1101.92	1	0.067442
XM_016915687.2	1333	914.92	554	44.9994
XR_001705371.2	1155	736.92	8	0.806771
XM_395996.7	3093	2674.92	12	0.333389
XM_006565030.3	1933	1514.92	877	43.022
XM_001120039.3	1429	1010.92	7	0.51459
XM_006565029.3	1258	839.92	4360	385.77
XM_026444572.1	6456	6037.92	394	4.84941
XM_006560347.3	15231	14812.9	572.747	2.87344
XM_026444578.1	9794	9375.92	3191.84	25.2993
XM_393936.6	3073	2654.92	305	8.53746
XM_003249630.4	3984	3565.92	71	1.47968
XM_003249622.4	1388	969.92	129	9.88403
XM_393926.6	2238	1819.92	329	13.4346
XM_393524.6	1728	1309.92	1040	59.0023
XM_026444596.1	948	534.126	838	116.595
XM_391971.7	1096	677.92	980	107.431
XM_026444597.1	6444	6025.92	8	0.0986613
XM_026444603.1	4681	4262.92	3	0.0522991
XR_407597.3	750	370.27	109	21.877
XM_001120037.5	3466	3047.92	95	2.31633
XM_006562751.3	1622	1203.92	2	0.123456
XM_006562752.3	2448	2029.92	132	4.83254
XM_026444605.1	1615	1196.92	0	0
XM_006562749.3	1911	1492.92	5	0.248894
XM_006565006.3	4746	4327.92	148	2.54134
XM_006565005.3	1979	1560.92	16	0.761763
XR_001705442.2	571	237.713	0	0
XM_001120670.5	1391	972.92	1	0.0763842
XM_006565047.3	810	416.146	51	9.10762
XR_003305930.1	1970	1551.92	25	1.19716
XM_026444606.1	3304	2885.92	802	20.6524
XM_623473.6	1038	619.92	271	32.4873
XM_001120705.5	3251	2832.92	3	0.0786987
XM_026444607.1	2242	1823.92	109	4.44121
XR_001705428.2	852	451.027	0	0
XR_003305934.1	983	566.283	2	0.262468
XM_026444610.1	2585	2166.92	780	26.7505
XM_006557816.3	1966	1547.92	279	13.3948
XM_393883.7	1100	681.92	3111	339.037
XM_003249131.4	1206	787.92	120	11.3183
XM_006557817.3	916	506.145	121	17.766
XM_006565041.3	7449	7030.92	716	7.568
XM_001122457.5	5796	5377.92	338	4.67071
XM_393234.7	1898	1479.92	928	46.6005
XM_006568046.3	2518	2099.92	609	21.5524
XM_006558519.3	1265	846.92	56	4.9139
XM_003249273.3	834	435.901	71	12.1046
XM_016915790.2	5144	4725.92	2	0.0314502
XM_393912.5	1275	856.92	2	0.173448
XM_006559323.3	1617	1198.92	5	0.309928
XM_391960.7	1636	1217.92	809	49.364
XM_003249429.3	807	413.691	138	24.7904
XM_006558512.3	6011	5592.92	117.052	1.55533
XM_624295.6	1831	1412.92	0	0
XM_026444612.1	2232	1813.92	0	0
XM_006572034.3	1957	1538.92	0	0
XM_623583.5	1216	797.92	507	47.2203
XM_016917349.2	1469	1050.92	1	0.0707149
XM_026444620.1	1252	833.92	0	0
XM_001122575.4	2066	1647.92	0	0
XR_001706206.2	1932	1513.92	0	0
XM_006572115.3	5280	4861.92	29	0.443272
XR_001706384.2	805	412.158	2903	523.436
XM_623641.6	3615	3196.92	144	3.34743
XM_006565032.3	2148	1729.92	35	1.50357
XM_001122709.5	665	306.02	1	0.242846
XM_026444622.1	2387	1968.92	100	3.77444
XM_026444626.1	1769	1350.92	1431	78.721
XM_006571770.3	6828	6409.92	712	8.25482
XM_016917190.2	477	177.118	559	234.547
XM_026444628.1	587	248.711	0	0
XM_026444630.1	2111	1692.92	1478	64.8811
XM_006571823.3	1566	1147.92	427	27.6437
XM_625134.6	1247	828.92	323	28.9581
XR_001705305.2	379	123.816	3	1.80064
XM_001123287.5	1185	766.92	67	6.4924
XM_026444633.1	1095	676.92	0	0
XM_026444634.1	1278	859.92	0	0
XM_026444637.1	611	266.446	0	0
XM_016917288.2	1428	1009.92	0	0
XR_001706205.2	190	48.0227	14	21.6651
XM_001123101.5	755	374.288	0	0
XM_006559333.3	4856	4437.92	3	0.0502368
XM_026444638.1	2626	2207.92	0	0
XM_026444639.1	1106	687.92	0	0
XR_003305935.1	517	201.625	33	12.1633
XM_026444640.1	1746	1327.92	0	0
XM_026444641.1	3808	3389.92	93	2.0388
XM_393336.7	2962	2543.92	1303	38.0646
XM_624396.6	1314	895.92	390	32.3501
XM_003249130.4	4074	3655.92	937	19.0469
XM_006557863.3	2084	1665.92	383	17.0854
XM_016915725.2	1463	1044.92	1	0.0711209
XR_001705310.2	1607	1188.92	12	0.750083
XR_003305938.1	546	220.392	1	0.337198
XR_003305939.1	2952	2533.92	23	0.674552
XM_397416.6	5095	4676.92	155	2.46293
XR_003305940.1	2607	2188.92	3	0.101853
XM_003249632.4	569	236.317	285	89.6251
XM_006564049.3	5694	5275.92	3172.85	44.6922
XM_026444646.1	1337	918.92	0	0
XM_026444647.1	3677	3258.92	3	0.0684113
XM_001119912.5	5482	5063.92	4.02773	0.0591091
XM_006571779.3	2711	2292.92	5377	174.274
XR_003305942.1	1153	734.92	18	1.82017
XM_026444653.1	6451	6032.92	39.1189	0.481881
XM_016915924.2	3770	3351.92	1	0.0221711
XM_006557812.3	2752	2333.92	2	0.0636831
XM_016915933.2	1152	733.92	2380	240.995
XM_001120306.5	2065	1646.92	76	3.42943
XM_006557834.3	8023	7604.92	3	0.0293162
XM_391948.7	1681	1262.92	139	8.17936
XM_001120488.5	3843	3424.92	52	1.12832
XM_393590.7	1096	677.92	595	65.2257
XM_003249277.4	1160	741.92	324	32.454
XM_397320.7	1070	651.92	2200	250.789
XM_393894.7	3110	2691.92	235	6.48763
XM_003250115.4	6127	5708.92	51	0.663891
XM_016915881.2	3503	3084.92	1133	27.294
XM_392577.7	4498	4079.92	836	15.2277
XM_006562744.3	1523	1104.92	346	23.2716
XM_001120535.5	3403	2984.92	2880	71.7035
XM_006571912.3	1049	630.92	0	0
XM_003251121.4	3940	3521.92	264	5.57064
XM_026444661.1	3244	2825.92	18	0.473362
XM_016915963.2	4756	4337.92	423	7.24668
XM_393627.7	2294	1875.92	73	2.89194
XM_006565066.3	3841	3422.92	313	6.7956
XM_001121375.5	2299	1880.92	792	31.2921
XR_001705450.2	1580	1161.92	22	1.40711
XR_001705454.2	911	501.919	0	0
XM_006565062.3	2942	2523.92	15953.2	469.734
XR_003305947.1	1220	801.92	0	0
XM_001120377.5	6200	5781.92	515	6.61935
XM_016915968.2	5382	4963.92	37	0.553933
XM_006565055.3	1367	948.92	9702	759.822
XM_003250346.4	1246	827.92	0	0
XM_003250530.4	5566	5147.92	12.3674	0.178537
XM_396744.7	1428	1009.92	375	27.5946
XM_026444679.1	1633	1214.92	0	0
XM_026444680.1	1155	736.92	0	0
XM_006559327.3	1105	686.92	2879	311.47
XM_006565046.3	953	538.6	213	29.3896
XM_391986.7	2477	2058.92	105	3.78992
XR_001706277.2	1225	806.92	3	0.276294
XM_003249633.4	2832	2413.92	337.425	10.3881
XR_003305949.1	536	213.848	0	0
XM_006558520.2	2482	2063.92	78	2.80855
XM_001122511.5	3981	3562.92	274	5.71511
XM_624207.6	3117	2698.92	664	18.2835
XM_624281.5	5694	5275.92	168	2.36642
XM_001122556.5	1351	932.92	26	2.07114
XM_026444687.1	4866	4447.92	15	0.250619
XR_119746.4	2994	2575.92	0	0
XR_407599.3	5835	5416.92	78	1.0701
XR_003305950.1	4795	4376.92	0	0
XR_407603.3	6840	6421.92	3	0.0347166
XR_001705334.2	2791	2372.92	3	0.0939547
XR_001705313.2	4824	4405.92	16	0.269876
XR_001705338.2	9966	9547.92	142	1.10525
XM_006559312.3	6155	5736.92	264	3.41984
XM_003249424.4	2744	2325.92	20	0.639022
XM_026444693.1	5595	5176.92	170	2.44038
XM_006559308.3	1409	990.92	872	65.3971
XM_393909.6	1024	605.92	2448	300.246
XM_026444694.1	997	579.101	0	0
XM_026444695.1	5534	5115.92	10	0.145264
XM_006559317.3	3453	3034.92	123	3.01188
XM_026444696.1	2666	2247.92	68	2.24806
XM_003249428.4	2273	1854.92	2	0.0801282
XM_006559318.3	587	248.711	0	0
XM_393888.6	7572	7153.92	197	2.04646
XM_003249136.4	3452	3033.92	0	0
XM_006557830.3	3878	3459.92	64.0535	1.37581
XM_006557829.3	867	463.713	151.947	24.3513
XM_001122391.5	700	331.371	9	2.0184
XM_001122113.5	4067	3648.92	6	0.122199
XM_006558510.3	6684	6265.92	123.568	1.46556
XM_026444701.1	1011	592.92	6	0.752031
XM_006558516.3	1045	626.92	629	74.5622
XM_026444702.1	1267	848.92	0	0
XM_026444703.1	4678	4259.92	2	0.0348906
XM_003249269.4	2298	1879.92	180	7.11563
XM_026444704.1	1129	710.92	1	0.104535
XM_026444705.1	912	502.728	0	0
XR_003305954.1	5130	4711.92	346	5.45706
XM_026444706.1	1321	902.92	0	0
XM_016917415.2	2883	2464.92	145	4.37165
XR_003305959.1	2771	2352.92	2	0.0631689
XR_412358.3	777	389.997	2	0.381108
XM_393914.6	1475	1056.92	341	23.9769
XM_396696.6	1896	1477.92	67	3.36903
XM_016915947.2	2649	2230.92	694	23.1183
XM_026444708.1	1010	591.92	0	0
XM_016915945.2	405	138.378	507	272.283
XM_026444711.1	2904	2485.92	0	0
XM_001120949.5	2734	2315.92	0	0
XM_395039.7	2090	1671.92	9	0.400044
XM_003251753.4	756	375.013	1321	261.78
XM_395272.6	3228	2809.92	983	25.998
XM_003249629.4	3775	3356.92	28	0.619865
XM_001121996.5	2251	1832.92	805	32.6387
XM_001120578.5	3187	2768.92	1	0.0268392
XM_624040.6	1216	797.92	1355	126.2
XM_006558522.3	1718	1299.92	255	14.5782
XM_001120325.5	1430	1011.92	174	12.7786
XM_001120513.5	1673	1254.92	29	1.71736
XR_003305962.1	1197	778.92	0	0
XR_001705368.2	2290	1871.92	264.009	10.4812
XM_003249571.4	1609	1190.92	2	0.124804
XR_407590.3	4212	3793.92	18	0.352586
XM_026444719.1	1709	1290.92	0	0
XM_625060.5	965	549.65	1079	145.887
XM_393944.6	4394	3975.92	5	0.0934572
XR_001705435.2	1119	700.92	0	0
XM_006560377.3	9001	8582.92	2260	19.5683
XM_391976.7	7964	7545.92	875.16	8.61898
XM_006560374.3	2497	2078.92	0	0
XM_001122133.5	2750	2331.92	13	0.414295
XM_006560375.3	1576	1157.92	2	0.128361
XM_006560428.3	1201	782.92	142	13.4788
XM_016915785.2	1069	650.92	0	0
XM_391973.6	1252	833.92	138	12.298
XM_391975.6	1751	1332.92	2552	142.284
XR_003305965.1	569	236.317	0	0
XR_003305967.1	3925	3506.92	6	0.127147
XR_003305968.1	1562	1143.92	4	0.259863
XM_006560081.3	3412	2993.92	30	0.744666
XM_006571776.3	1899	1480.92	12	0.602185
XM_001122418.5	830	432.602	89	15.2891
XM_026444727.1	1760	1341.92	485	26.8594
XM_026444728.1	1256	837.92	0	0
XR_408703.3	3637	3218.92	11	0.253959
XM_001120518.5	717	344.855	5	1.07749
XM_026444729.1	1010	591.92	3	0.376651
XM_001120814.5	2691	2272.92	11	0.359657
XM_396991.7	4509	4090.92	190	3.45154
XM_006560409.3	2363	1944.92	1	0.0382101
XM_006560405.3	8065	7646.92	90	0.874654
XM_006560400.3	2302	1883.92	354	13.9644
XM_003249625.4	4668	4249.92	159	2.78033
XM_393453.7	4082	3663.92	19251.7	390.483
XM_006560415.3	1564	1145.92	540	35.0203
XM_623682.6	2355	1936.92	9639	369.829
XM_393921.7	1444	1025.92	652	47.2296
XM_016915919.2	8778	8359.92	62	0.55115
XM_006560411.3	6213	5794.92	406	5.20666
XM_026444740.1	865	461.969	80	12.8694
XM_026444741.1	1388	969.92	4371	334.908
XM_001120067.5	797	405.679	260	47.629
XR_408726.3	1737	1318.92	1	0.0563459
XR_003305969.1	830	432.602	0	0
XR_408728.3	2586	2167.92	10	0.342797
XR_408727.3	12036	11617.9	42	0.268659
XM_001122738.5	388	128.738	1284	741.208
XM_006571927.3	1659	1240.92	9	0.538988
XM_006572194.3	1613	1194.92	16	0.995088
XM_001122399.5	1695	1276.92	1	0.0581992
XR_003305971.1	1783	1364.92	14	0.762257
XM_006557870.3	1995	1576.92	0	0
XR_001705459.2	4644	4225.92	2.03666	0.0358161
XR_409532.3	3806	3387.92	1.059	0.0232297
XM_026444743.1	1368	949.92	0	0
XR_003305972.1	4375	3956.92	1	0.0187812
XM_395671.6	1665	1246.92	246	14.6615
XM_026444745.1	1574	1155.92	0	0
XM_026444746.1	1613	1194.92	0	0
XM_397347.6	1716	1297.92	0	0
XM_016915831.2	1786	1367.92	0	0
XM_026444747.1	2027	1608.92	8	0.369518
XM_026444749.1	1723	1304.92	183.578	10.4548
XM_026444750.1	1584	1165.92	0	0
XM_006558531.3	4157	3738.92	22	0.437277
XM_003249275.4	6028	5609.92	184	2.43748
XM_006558525.3	2000	1581.92	4.76136	0.22368
XR_001705359.2	8781	8362.92	8.00152	0.0711041
XM_026444754.1	7951	7532.92	222.32	2.19328
XM_006558479.3	3163	2744.92	370.458	10.0297
XM_003249265.4	651	295.806	570	143.202
XM_391949.7	3833	3414.92	191	4.15655
XM_006557843.3	3953	3534.92	205	4.30978
XM_026444761.1	4173	3754.92	1182	23.3936
XM_393890.5	2142	1723.92	17	0.732845
XM_006557838.3	2511	2092.92	634	22.5122
XM_006557840.3	1639	1220.92	4	0.243474
XM_026444764.1	3006	2587.92	53	1.52197
XR_410117.3	1682	1263.92	4	0.235191
XM_026444767.1	5894	5475.92	1631	22.1349
XR_003305976.1	2654	2235.92	0	0
XR_411089.3	2095	1676.92	33.7756	1.49682
XM_006568074.3	4940	4521.92	513	8.43092
XM_006568072.3	3971	3552.92	5	0.104584
XM_392711.7	658	300.836	1179	291.249
XR_411084.3	558	228.456	0	0
XM_003249623.4	4111	3692.92	3	0.0603715
XM_006560399.3	381	124.964	147	87.4207
XM_026444776.1	7178	6759.92	1247	13.709
XM_393315.7	1978	1559.92	2005	95.5196
XM_006559331.3	5068	4649.92	6	0.0958928
XM_001122204.5	971	555.061	522	69.8892
XR_001705370.2	1169	750.92	3	0.296899
XM_006560320.3	5318	4899.92	8	0.121334
XM_016915810.2	4067	3648.92	561	11.4256
XM_391980.7	2348	1929.92	674	25.9538
XM_624751.6	1872	1453.92	199	10.1717
XM_006560321.3	1024	605.92	0	0
XM_006560315.3	853	451.846	14	2.3026
XR_001705377.2	622	274.575	3	0.811972
XR_003305977.1	1577	1158.92	0	0
XR_001705367.2	621	273.823	0	0
XM_391981.6	2468	2049.92	54	1.95766
XM_001122536.4	1767	1348.92	70	3.85649
XM_624730.6	2063	1644.92	866	39.1249
XM_026444785.1	366	117.756	0	0
XM_026444786.1	1382	963.92	0	0
XM_026444787.1	2792	2373.92	4	0.12522
XM_016917195.2	2526	2107.92	10	0.352555
XM_026444788.1	1152	733.92	0	0
XM_006557876.2	876	471.686	0	0
XM_026444789.1	693	325.962	0	0
XM_026444790.1	905	496.796	7	1.04713
XM_026444791.1	5179	4760.92	128	1.99802
XM_026444792.1	4491	4072.92	0	0
XM_026444793.1	3589	3170.92	34	0.796845
XM_016915873.2	3938	3519.92	0	0
XM_026444794.1	4972	4553.92	18	0.293743
XM_393452.7	2186	1767.92	2	0.0840713
XM_026444795.1	3520	3101.92	41	0.982276
XM_016915694.2	1962	1543.92	0	0
XM_026444796.1	1097	678.92	1	0.109462
XM_026444797.1	1868	1449.92	110	5.63805
XM_026444798.1	1500	1081.92	0	0
XM_026444799.1	874	469.927	0	0
XM_026444800.1	4831	4412.92	636.879	10.7253
XM_393948.7	2629	2210.92	1216.11	40.877
XM_003250347.4	1146	727.92	0	0
XM_026444802.1	740	362.551	2	0.40996
XR_003305987.1	3147	2728.92	0	0
XM_624568.6	2628	2209.92	196	6.59113
XM_624586.6	9544	9125.92	1335	10.8714
XM_016915842.2	9793	9374.92	502	3.97939
XM_016915846.2	1999	1580.92	44	2.06835
XR_003305989.1	4557	4138.92	0	0
XR_003305992.1	894	487.075	0	0
XM_016915836.2	5389	4970.92	730	10.9136
XM_026444817.1	1883	1464.92	0	0
XM_624230.6	2000	1581.92	0	0
XM_026444818.1	9160	8741.92	1270	10.7964
XR_410113.3	1384	965.92	34	2.61588
XM_392754.7	5471	5052.92	154.196	2.26784
XR_003305997.1	592	252.3	1	0.294553
XR_003305998.1	1700	1281.92	0	0
XR_001705403.2	609	264.92	0	0
XM_391978.6	4503	4084.92	147	2.67433
XM_016915762.2	4813	4394.92	2	0.0338189
XM_026444828.1	2771	2352.92	210	6.63273
XM_391979.7	1895	1476.92	359	18.0642
XM_026444830.1	1476	1057.92	722	50.7183
XM_001122369.5	1322	903.92	7	0.575504
XM_026444831.1	567	234.92	0	0
XM_001122338.5	825	428.41	0	0
XM_001121248.5	3969	3550.92	523.611	10.9584
XM_016915803.2	6848	6429.92	24	0.277387
XM_026444834.1	6878	6459.92	1231.29	14.1649
XM_026444843.1	2452	2033.92	6	0.219229
XM_391965.7	2162	1743.92	1485	63.282
XM_006560079.3	1419	1000.92	570	42.321
XM_006560076.3	2737	2318.92	885	28.3621
XM_001120213.5	1793	1374.92	52	2.81065
XM_006568043.3	5363	4944.92	1003	15.0738
XM_006560389.3	3148	2729.92	560	15.2447
XM_016915768.2	2911	2492.92	33	0.983753
XM_001121814.5	2716	2297.92	1030	33.3106
XM_393929.7	2053	1634.92	1810	82.274
XR_001705345.2	478	177.643	0	0
XR_003306000.1	767	383.205	5	0.969661
XM_026444852.1	1916	1497.92	31	1.53799
XR_408716.3	4531	4112.92	1	0.0180688
XR_003306003.1	1893	1474.92	1	0.0503862
XR_003306009.1	4581	4162.92	2	0.0357036
XM_006568042.3	6202	5783.92	7774	99.8856
XM_006564051.3	978	561.565	822	108.781
XM_392591.7	1132	713.92	1322	137.614
XM_001121036.5	817	421.61	0	0
XR_003306010.1	236	68.2557	12	13.0654
XM_026444855.1	3690	3271.92	22	0.49969
XM_003250351.4	2296	1877.92	6	0.23744
XM_006564055.3	1394	975.92	114	8.68103
XM_006564053.3	1090	671.92	0	0
XM_001119975.5	5073	4654.92	114	1.82001
XM_016915872.2	1315	896.92	1	0.0828565
XM_006560083.3	1361	942.92	117	9.22128
XM_026444857.1	479	178.254	2	0.83382
XM_026444858.1	546	220.392	0	0
XM_391962.7	668	308.057	13	3.13612
XM_016915877.2	1160	741.92	0	0
XM_396386.6	1576	1157.92	193	12.3868
XM_393174.7	2913	2494.92	175	5.21269
XM_006558538.3	4540	4121.92	10	0.180294
XM_391954.7	6131	5712.92	34	0.442284
XM_006558502.3	6301	5882.92	115	1.45273
XM_006558486.3	6832	6413.92	2229	25.8266
XM_006558485.3	2617	2198.92	5	0.168982
XM_006558499.3	2957	2538.92	61.0088	1.78576
XM_016915776.2	4989	4570.92	5	0.0812918
XM_006558495.3	4421	4002.92	1254	23.281
XM_393900.7	1058	639.92	568	65.9634
XM_393902.7	1113	694.92	84	8.98307
XM_001121276.5	789	399.325	165	30.707
XM_006558482.3	787	397.664	403	75.3129
XR_001705351.2	1947	1528.92	29	1.40959
XR_003306014.1	195	50.5558	26.014	38.2398
XM_006563060.3	755	374.288	1690	335.553
XM_392608.7	6422	6003.92	1277	15.8065
XM_026444891.1	881	476.042	0	0
XM_026444892.1	9792	9373.92	0	0
XM_393990.7	3018	2599.92	6	0.171503
XM_393989.7	3102	2683.92	60	1.66135
XM_006562945.3	1312	893.92	54	4.48927
XM_006562947.3	905	496.796	848	126.852
XM_006562940.3	6795	6376.92	0	0
XM_016916075.2	7004	6585.92	302	3.40777
XM_001122309.5	3679	3260.92	285	6.49509
XM_026444909.1	1989	1570.92	143	6.76492
XM_006562932.3	1936	1517.92	153	7.49071
XM_393995.7	1341	922.92	517	41.63
XM_016916332.2	3822	3403.92	201	4.38831
XM_016916331.2	2062	1643.92	32	1.4466
XM_001122116.5	1916	1497.92	100	4.96126
XM_394018.7	2360	1941.92	23	0.880191
XM_001122512.4	4815	4396.92	47	0.794383
XM_623702.6	2348	1929.92	196	7.5474
XM_006562911.3	1813	1394.92	76	4.04897
XM_625110.6	2782	2363.92	122	3.83537
XM_026444919.1	460	167.15	0	0
XM_026444921.1	1204	785.92	0	0
XR_003306019.1	1247	828.92	1	0.0896536
XM_001121941.4	4299	3880.92	313	5.99363
XM_026444922.1	1746	1327.92	146	8.17074
XM_026444923.1	897	489.776	0	0
XM_026444925.1	764	380.879	350	68.2906
XR_003306020.1	4760	4341.92	263	4.50147
XR_003306023.1	600	258.132	8	2.30318
XM_623592.5	1719	1300.92	3	0.171376
XM_001120276.5	8926	8507.92	315.122	2.75256
XM_026444928.1	1663	1244.92	57	3.40262
XM_003250667.4	1233	814.92	38	3.46537
XM_003250668.4	2241	1822.92	78	3.17986
XM_394044.7	4109	3690.92	243	4.89274
XM_396520.6	2851	2432.92	96	2.9324
XM_003250512.4	2917	2498.92	119	3.53895
XM_006564963.3	1296	877.92	299	25.3103
XM_006564962.3	612	267.178	13	3.61596
XR_410085.3	323	107.751	56	38.6231
XM_016916092.2	5540	5121.92	9	0.130584
XM_001122722.5	4062	3643.92	2236	45.6019
XM_394028.7	3195	2776.92	330	8.83143
XM_001122664.5	2182	1763.92	228	9.60586
XM_016916105.2	3071	2652.92	37	1.03647
XM_392027.7	2119	1700.92	449	19.6175
XM_394026.5	1166	747.92	1022	101.549
XM_016916107.2	1401	982.92	0	0
XM_001122739.5	634	282.778	1211	318.258
XM_026444930.1	6466	6047.92	1131	13.8975
XR_410352.3	1019	600.92	0	0
XM_026444931.1	3200	2781.92	585	15.6276
XM_623368.6	1908	1489.92	1100	54.8669
XM_006560217.3	1991	1572.92	1613	76.2093
XM_006560220.3	2102	1683.92	54	2.38316
XM_006560223.3	1121	702.92	210	22.2021
XM_001123195.5	2880	2461.92	164	4.95051
XM_001121913.5	1376	957.92	26	2.01709
XR_003306024.1	1724	1305.92	4	0.227627
XM_026444937.1	2445	2026.92	63	2.30985
XR_001705610.2	3925	3506.92	10	0.211912
XM_394033.6	2510	2091.92	84	2.98411
XM_001122795.5	2629	2210.92	79	2.65543
XM_006564945.3	4690	4271.92	443	7.70657
XM_393588.7	2467	2048.92	367	13.3113
XM_397318.7	1807	1388.92	558	29.8564
XM_006557542.3	1230	811.92	1440	131.804
XM_625101.6	642	288.849	2233	574.511
XM_026444942.1	5552	5133.92	582	8.4247
XM_016916329.2	737	360.394	34	7.01104
XM_026444947.1	8694	8275.92	179	1.60737
XM_026444948.1	1812	1393.92	0	0
XR_003306028.1	3048	2629.92	20.6182	0.582624
XR_001705566.2	3073	2654.92	5	0.139958
XM_006563000.3	2529	2110.92	129	4.54149
XM_624893.6	906	497.669	1176	175.609
XM_006563086.3	737	360.394	496	102.279
XM_624945.6	2321	1902.92	38	1.48403
XM_001121159.5	575	240.357	9454	2923.07
XM_006564848.3	2656	2237.92	266	8.83319
XM_016916353.2	1477	1058.92	195	13.6852
XM_623080.5	4240	3821.92	1081	21.0196
XM_391988.7	1416	997.92	235	17.5006
XM_016916123.2	1552	1133.92	9027	591.618
XM_391989.7	1865	1446.92	447	22.9585
XR_410331.3	491	185.795	40	15.9995
XM_006565607.3	3970	3551.92	53	1.1089
XM_392044.7	3303	2884.92	147	3.78673
XM_394045.7	3862	3443.92	45	0.971046
XM_392920.7	912	502.728	1715	253.52
XM_006565724.3	3660	3241.92	971	22.2586
XM_026444954.1	4635	4216.92	0	0
XM_016916375.2	643	289.618	1	0.256599
XM_006565723.2	1221	802.92	3	0.27767
XM_001122875.5	530	209.981	0	0
XM_006565721.3	1805	1386.92	2	0.107166
XM_393964.6	3168	2749.92	255	6.89129
XM_016916313.2	2481	2062.92	434	15.6346
XR_003306031.1	2689	2270.92	317	10.3738
XM_006557563.3	1108	689.92	273	29.4066
XM_016916361.2	719	346.384	3321	712.51
XM_393973.6	614	268.673	4053	1121.07
XM_001120950.5	843	443.23	1231	206.4
XM_016916363.2	5679	5260.92	142	2.00589
XM_016916364.2	1621	1202.92	416	25.7002
XM_624798.6	695	327.465	1124	255.083
XM_016916367.2	2319	1900.92	120	4.69135
XM_393474.7	5400	4981.92	291	4.34087
XM_392923.7	3306	2887.92	139	3.57693
XM_006562308.3	1915	1496.92	1866	92.6389
XM_393604.7	3883	3464.92	104	2.23059
XM_001120160.5	1614	1195.92	72	4.47415
XM_006564944.3	942	528.935	569	79.9448
XM_393603.7	1042	623.92	1157	137.811
XM_003250503.4	572	238.361	680	212.009
XM_026444962.1	3585	3166.92	186	4.36472
XM_026444964.1	2411	1992.92	78	2.90861
XM_026444969.1	1406	987.92	72	5.41616
XM_001121406.5	915	505.293	174	25.591
XM_006563034.2	2134	1715.92	177	7.66579
XM_026444970.1	2361	1942.92	282	10.7864
XM_026444973.1	4163	3744.92	342	6.78678
XM_001122678.5	1903	1484.92	108	5.40507
XM_395473.7	1525	1106.92	47	3.15546
XM_026444977.1	3209	2790.92	126	3.35509
XM_397129.7	2185	1766.92	138	5.8042
XM_026444979.1	1794	1375.92	1	0.0540116
XM_016916299.2	1793	1374.92	50	2.70255
XM_392818.7	2143	1724.92	195	8.40129
XM_396750.6	2021	1602.92	602	27.9103
XM_393352.7	1810	1391.92	1370	73.1453
XM_016916296.2	9392	8973.92	1926.73	15.9558
XR_407512.3	593	252.963	0	0
XM_006564961.3	1419	1000.92	1	0.0742474
XM_395129.7	3023	2604.92	1510	43.0787
XM_395130.7	1787	1368.92	459	24.9181
XM_001121796.5	1280	861.92	3	0.258663
XM_625027.5	1702	1283.92	536	31.0247
XM_026444981.1	1155	736.92	655	66.0543
XM_001120069.5	827	430.13	3887	671.576
XM_001122444.5	5004	4585.92	154	2.4956
XM_016916229.2	2073	1654.92	1	0.0449059
XM_394014.6	3445	3026.92	51	1.25213
XM_001121886.5	2427	2008.92	38	1.40573
XM_001119914.5	757	375.677	18	3.56072
XM_026444982.1	6359	5940.92	264	3.30241
XM_006565632.3	2224	1805.92	3	0.123453
XM_396730.5	2445	2026.92	3	0.109993
XM_001123018.5	402	136.986	4406	2390.28
XM_026444986.1	8448	8029.92	1532	14.1784
XM_393116.7	2113	1694.92	405	17.7577
XM_016916184.2	990	572.699	0	0
XM_001121376.5	4088	3669.92	275	5.56873
XM_396925.7	3722	3303.92	159	3.57642
XR_003306036.1	915	505.293	122.524	18.0201
XM_397232.5	4057	3638.92	89	1.8176
XM_001120952.5	1589	1170.92	298	18.9134
XM_397233.7	858	456.056	583	95.0017
XM_016916388.2	3191	2772.92	1436	38.4855
XM_624883.6	2976	2557.92	12	0.348638
XM_395324.7	861	458.561	1512	245.039
XM_624866.6	1203	784.92	634	60.0267
XM_006563003.3	1112	693.92	41	4.39091
XM_006559300.3	2041	1622.92	0	0
XM_006560001.3	2403	1984.92	2830	105.956
XM_392026.7	1572	1153.92	1389	89.4555
XM_395389.7	3773	3354.92	124	2.74676
XM_016916389.2	2864	2445.92	116	3.52449
XM_001120779.5	1100	681.92	65	7.0837
XM_394993.7	886	480.235	2271	351.434
XM_625077.6	1255	836.92	253	22.4655
XM_026444995.1	3905	3486.92	0	0
XM_016917845.2	4707	4288.92	3396	58.8437
XR_003306037.1	537	214.551	1	0.346377
XR_003306038.1	2029	1610.92	0	0
XM_624637.6	943	529.809	7767	1089.47
XM_001122885.5	2348	1929.92	247	9.51126
XM_625047.6	1681	1262.92	1112	65.4349
XM_623943.6	2031	1612.92	331	15.2509
XM_006563047.3	2208	1789.92	380	15.7772
XM_623773.6	3538	3119.92	1	0.0238197
XM_026444998.1	2713	2294.92	340	11.0101
XM_397043.7	766	382.457	1200	233.173
XM_393473.7	1119	700.92	473	50.1503
XM_001121075.5	3124	2705.92	2	0.0549282
XM_016916314.2	1154	735.92	1320	133.298
XR_412244.3	2718	2299.92	0	0
XM_394020.7	3493	3074.92	130	3.14188
XM_396079.6	2162	1743.92	153	6.51997
XM_624816.5	1184	765.92	369	35.8033
XR_001705467.2	503	193.063	6	2.30957
XM_623586.6	1227	808.92	189	17.3635
XM_001119944.5	618	271.506	531	145.343
XM_394029.6	1988	1569.92	297	14.0592
XM_006565771.3	3350	2931.92	8.09328	0.205141
XM_003250649.4	2948	2529.92	427.234	12.5499
XM_006565634.3	3260	2841.92	5	0.130749
XM_026445002.1	3840	3421.92	1.02084	0.0221702
XM_003249337.4	2336	1917.92	879	34.0595
XM_001122623.5	3207	2788.92	95	2.53144
XM_395781.7	1292	873.92	550	46.7704
XM_003250150.4	1227	808.92	23	2.11302
XM_006563071.3	1267	848.92	2438	213.426
XM_624496.6	1483	1064.92	116	8.09509
XM_001122583.5	2963	2544.92	99	2.89096
XM_026445003.1	3553	3134.92	22	0.521527
XM_026445007.1	1331	912.92	0	0
XM_397065.6	2671	2252.92	207	6.82818
XM_026445011.1	2071	1652.92	747	33.5853
XM_003249614.4	995	577.282	169	21.756
XM_016916415.2	4343	3924.92	30	0.568029
XM_016916414.2	1627	1208.92	560	34.4248
XM_016916165.2	2018	1599.92	354	16.4432
XM_006564829.3	1790	1371.92	5896	319.381
XM_026445017.1	2063	1644.92	0	0
XM_625261.6	1158	739.92	157	15.7687
XM_625233.6	3491	3072.92	2066	49.9643
XM_016916001.2	524	206.362	0	0
XM_001122256.5	4662	4243.92	170	2.97689
XM_006564823.3	3122	2703.92	215	5.90915
XM_003250488.4	1684	1265.92	12	0.704458
XM_392723.7	2310	1891.92	449	17.637
XM_026445018.1	1236	817.92	80	7.26875
XM_395245.6	882	476.841	394	61.4049
XM_006558224.3	1140	721.92	767	78.9563
XM_006558222.3	600	258.132	1858	534.914
XM_395774.7	2484	2065.92	1332	47.915
XM_397572.7	3283	2864.92	133	3.45
XM_003249607.4	1547	1128.92	30	1.97487
XM_006560209.3	3013	2594.92	124	3.55122
XM_001120040.5	1690	1271.92	200	11.6856
XM_006560245.3	1108	689.92	0	0
XM_006565660.3	3209	2790.92	1659	44.1753
XM_001122993.5	7108	6689.92	2.18732	0.024298
XM_001122996.5	2231	1812.92	14	0.573892
XM_394050.7	3252	2833.92	1282	33.6187
XM_006565644.3	3298	2879.92	170	4.38681
XM_392776.6	2748	2329.92	371	11.8335
XM_395757.7	2364	1945.92	2007	76.6483
XM_016916301.2	1528	1109.92	76	5.08865
XM_006565649.3	1394	975.92	72	5.48275
XM_001123003.4	634	282.778	3915	1028.89
XM_001119882.5	4002	3583.92	737	15.2823
XM_623974.5	1858	1439.92	4	0.206444
XM_026445033.1	1048	629.92	0	0
XR_001705518.2	6191	5772.92	310.863	4.00179
XM_016916157.2	4066	3647.92	1	0.0203721
XM_003249336.4	2150	1731.92	4	0.171638
XM_026445042.1	2764	2345.92	0	0
XM_625234.6	2183	1764.92	88	3.70543
XM_006560000.3	1717	1298.92	63	3.60445
XM_006560228.3	1432	1013.92	817	59.8823
XM_003249609.4	896	488.844	100	15.2023
XM_003249598.4	546	220.392	1012	341.245
XM_006564951.3	2805	2386.92	246	7.6591
XM_397293.7	2957	2538.92	66	1.93186
XM_026445043.1	1239	820.92	0	0
XM_625151.6	1999	1580.92	239	11.2349
XM_006557572.3	2751	2332.92	250	7.9638
XM_001120159.5	2251	1832.92	2681	108.701
XM_623820.6	2141	1722.92	14	0.60387
XM_006565697.3	10988	10569.9	219.842	1.54568
XM_026445045.1	7978	7559.92	854	8.39501
XM_026445063.1	3307	2888.92	1	0.0257244
XM_394041.7	3594	3175.92	936	21.9021
XM_394046.7	3296	2877.92	333	8.59896
XM_016916152.2	1324	905.92	315	25.8405
XM_394040.7	1026	607.92	545	66.624
XM_006565663.3	874	469.927	410	64.8386
XM_026445064.1	660	302.309	12.683	3.11783
XR_003306050.1	1496	1077.92	0	0
XM_026445068.1	2135	1716.92	99	4.28515
XM_006557559.3	2667	2248.92	78	2.57751
XM_624316.5	1312	893.92	1018	84.631
XM_003249555.4	1489	1070.92	0	0
XR_003306051.1	654	297.972	0	0
XM_624850.6	2985	2566.92	1622	46.959
XM_003249340.4	2195	1776.92	2	0.0836455
XM_006564815.3	3214	2795.92	107	2.84406
XM_006564813.3	2074	1655.92	249	11.1748
XM_026445075.1	3853	3434.92	360	7.78872
XM_006562951.3	4959	4540.92	117	1.9148
XM_393985.6	6014	5595.92	9	0.119523
XM_026445078.1	2812	2393.92	164	5.09114
XM_393986.7	2624	2205.92	204	6.8726
XM_003250168.4	2480	2061.92	23.2216	0.836951
XM_393984.6	5665	5246.92	154	2.18121
XM_006562957.3	3240	2821.92	20	0.526703
XM_006562956.3	3201	2782.92	11	0.293746
XR_001705568.2	680	316.494	14	3.28732
XR_001705570.2	1356	937.92	0	0
XM_392722.7	1486	1067.92	270	18.7891
XM_393385.7	1746	1327.92	316	17.6846
XM_003249423.4	2078	1659.92	24	1.0745
XM_026445082.1	2198	1779.92	713	29.7694
XM_026445083.1	1689	1270.92	334	19.5303
XM_026445085.1	930	518.561	1226	175.7
XM_026445086.1	991	573.627	0	0
XM_026445087.1	2873	2454.92	1	0.0302721
XM_026445088.1	2503	2084.92	29	1.03369
XR_003306053.1	750	370.27	16.2029	3.25202
XM_026445092.1	3071	2652.92	86	2.4091
XM_026445093.1	1976	1557.92	632	30.1476
XR_412368.3	375	121.88	0	0
XM_016915078.2	493	186.961	0	0
XM_624327.6	1408	989.92	654	49.0974
XM_026445098.1	5781	5362.92	23	0.318718
XM_006564957.3	2213	1794.92	0	0
XM_001121271.5	2001	1582.92	2	0.0938969
XM_624373.5	1296	877.92	178	15.0676
XM_006564850.3	889	482.694	520	80.0594
XM_394025.7	2235	1816.92	124	5.07185
XM_396379.7	2189	1770.92	246	10.3233
XM_393437.7	1847	1428.92	101	5.25284
XM_003249338.4	766	382.457	571	110.952
XM_026445104.1	887	481.038	304	46.965
XM_006564955.3	2341	1922.92	7	0.270531
XM_006563044.3	1421	1002.92	255	18.8953
XM_003250499.4	6050	5631.92	5	0.0659772
XM_394013.7	6554	6135.92	168	2.03475
XM_006564885.3	2085	1666.92	263	11.7252
XM_392018.7	3307	2888.92	301	7.74304
XM_394012.4	1215	796.92	331	30.8669
XM_006564895.3	1978	1559.92	77	3.66833
XM_026445107.1	2442	2023.92	30	1.10156
XM_397317.7	1676	1257.92	76	4.48994
XM_026445109.1	6967	6548.92	1	0.0113478
XM_394021.5	2043	1624.92	218	9.97022
XM_397055.7	1000	581.92	1731	221.062
XM_392015.6	5964	5545.92	202	2.70681
XM_394000.7	3845	3426.92	37	0.802376
XM_624967.6	2827	2408.92	25	0.771255
XM_393999.5	2249	1830.92	1	0.0405893
XM_006564920.3	719	346.384	1791	384.253
XM_001120242.5	887	481.038	1024	158.198
XR_003306054.1	4966	4547.92	0	0
XM_016916020.2	877	472.541	696	109.459
XM_624955.6	811	416.845	340	60.6156
XM_026445115.1	3098	2679.92	327	9.06789
XM_001121339.5	1619	1200.92	31	1.91835
XM_394004.7	948	534.126	778	108.247
XM_003250494.4	1395	976.92	24	1.82571
XR_001705465.2	859	456.867	120	19.5196
XM_394006.7	5839	5420.92	92.0025	1.26127
XM_394005.7	3202	2783.92	6	0.160168
XM_624858.5	2083	1664.92	434	19.3721
XM_026445118.1	4005	3586.92	1906	39.4895
XM_006565736.3	12623	12204.9	391	2.3808
XM_006565739.3	6507	6088.92	226	2.75834
XM_006565729.3	4959	4540.92	119	1.94753
XM_006565738.3	702	333.031	2429	542.03
XM_623724.5	1566	1147.92	0	0
XM_016916050.2	4640	4221.92	8	0.140819
XM_624009.6	2643	2224.92	268	8.9516
XM_006562969.3	3836	3417.92	2	0.0434859
XM_006563030.3	1729	1310.92	134	7.59642
XM_396426.7	1785	1366.92	181	9.84047
XM_006564958.3	2493	2074.92	0	0
XM_001119883.4	963	547.802	2625	356.112
XM_003249091.4	1637	1218.92	649	39.5685
XM_026445124.1	2492	2073.92	0	0
XM_006565796.3	1976	1557.92	82	3.91155
XM_006565791.3	3750	3331.92	6475.45	144.429
XM_392023.7	751	371.083	1193	238.918
XM_016916194.2	8976	8557.92	286	2.48358
XR_001705537.2	857	455.238	1	0.163246
XR_003306058.1	466	170.735	31	13.4934
XR_003306059.1	1050	631.92	2	0.235206
XM_006559296.3	2108	1689.92	936	41.1614
XM_003249599.4	3659	3240.92	44	1.00894
XM_006560237.3	4208	3789.92	105	2.05892
XM_026445129.1	1438	1019.92	1	0.0728642
XM_003249602.4	793	402.432	9	1.662
XR_001705531.2	1613	1194.92	43	2.6743
XR_003306062.1	1048	629.92	20	2.35953
XM_391991.5	4400	3981.92	47.0606	0.878304
XM_006560181.3	11263	10844.9	28.1744	0.193067
XM_026445135.1	2874	2455.92	11	0.332858
XR_001705541.2	354	121.515	65	39.7523
XM_001120644.5	2693	2274.92	40	1.3067
XM_623377.6	733	357.207	640	133.15
XM_625006.6	607	263.485	3980	1122.56
XM_016916441.2	1668	1249.92	54	3.21064
XM_392812.7	610	265.697	1590	444.724
XR_003306064.1	3406	2987.92	0	0
XM_003250149.4	1118	699.92	827	87.8087
XM_006558773.3	1341	922.92	58	4.6703
XM_003250146.4	980	563.467	6720	886.302
XM_001122107.5	1004	585.92	260	32.9773
XM_006565973.3	5392	4973.92	328	4.90067
XM_026445138.1	3721	3302.92	161	3.6225
XM_006565965.3	3284	2865.92	0	0
XM_026445139.1	3233	2814.92	8	0.211205
XM_026445141.1	660	302.309	0	0
XM_006565967.3	2825	2406.92	23	0.710144
XM_001123348.5	1207	788.92	0	0
XR_410417.3	705	335.515	8	1.77198
XM_392019.7	9726	9307.92	2006	16.0162
XM_001120731.5	3322	2903.92	1346	34.4462
XM_394017.6	2424	2005.92	126	4.66807
XM_006564861.3	4206	3787.92	16	0.313906
XM_397501.6	4165	3746.92	2946.14	58.4332
XM_001122027.5	1569	1150.92	1388	89.6241
XR_003306066.1	1156	737.92	0	0
XM_026445142.1	2197	1778.92	21	0.87729
XR_003306067.1	4066	3647.92	4	0.0814883
XM_016916443.2	2260	1841.92	0	0
XM_001121836.5	1938	1519.92	4	0.195578
XM_006564950.3	1834	1415.92	12	0.629829
XM_026445144.1	1802	1383.92	330	17.7208
XM_006562963.3	12580	12161.9	686	4.19182
XM_026445152.1	5391	4972.92	1	0.0149441
XM_392006.7	3257	2838.92	241	6.30876
XM_392005.7	1715	1296.92	345	19.7691
XM_006562293.3	6148	5729.92	1182	15.3303
XM_006562296.3	2903	2484.92	655	19.5889
XM_006562292.3	1126	707.92	8.96415	0.941034
XR_001705483.2	3385	2966.92	0	0
XR_409381.3	879	474.352	959	150.244
XM_026445158.1	7136	6717.92	1567	17.3346
XM_006566222.3	4045	3626.92	471	9.6508
XM_001123355.5	2419	2000.92	92	3.41695
XM_001123357.5	1721	1302.92	286	16.3128
XM_016914419.2	894	487.075	101	15.4101
XM_623971.6	2709	2290.92	286	9.27762
XR_001705629.2	812	417.604	6	1.06774
XM_392847.7	3608	3189.92	63	1.46771
XM_624093.5	1587	1168.92	96	6.10333
XM_001120439.5	1792	1373.92	358	19.3643
XM_003249617.3	2310	1891.92	99	3.88878
XM_026445169.1	5922	5503.92	46	0.621107
XM_001120537.5	2351	1932.92	103	3.96008
XM_624818.6	1378	959.92	2590	200.514
XR_003306079.1	295	93.5947	18	14.2923
XM_006560194.3	8089	7670.92	2	0.0193759
XM_016916086.2	3756	3337.92	5	0.11132
XM_006560186.3	3493	3074.92	0	0
XM_393961.6	3199	2780.92	181	4.83694
XM_003249612.4	2380	1961.92	842	31.8942
XM_016915994.2	309	100.412	0	0
XM_026445175.1	1260	841.92	0	0
XM_001122987.5	1335	916.92	74	5.99764
XM_026445176.1	4395	3976.92	6	0.11212
XM_016915995.2	1782	1363.92	3	0.16346
XM_003250748.4	1808	1389.92	0	0
XM_026445177.1	5533	5114.92	1162	16.8829
XM_026445178.1	1191	772.92	51	4.90361
XM_016916047.2	899	491.501	11	1.66322
XM_026445179.1	2098	1679.92	8.69029	0.384438
XM_016916046.2	553	225.143	25	8.25205
XM_016916045.2	625	276.311	0	0
XM_006559293.3	2169	1750.92	0	0
XM_026445180.1	1850	1431.92	7	0.363295
XM_026445181.1	1330	911.92	2	0.162987
XM_026445182.1	691	324.463	6.31697	1.44685
XM_026445183.1	3751	3332.92	0	0
XM_026445184.1	1955	1536.92	0	0
XM_026445185.1	330	110.805	5	3.35345
XM_026445186.1	504	193.614	2.86734	1.10058
XM_006560177.3	5414	4995.92	42	0.624761
XR_408647.3	1749	1330.92	0	0
XR_003306081.1	3516	3097.92	1	0.0239889
XM_006559295.3	2828	2409.92	0	0
XM_016916072.2	4465	4046.92	2236.42	41.0685
XM_026445188.1	1869	1450.92	1	0.0512197
XR_003306082.1	859	456.867	1	0.162664
XM_001120622.5	4007	3588.92	14	0.289898
XM_006564939.3	517	201.625	31	11.4261
XM_392797.7	2523	2104.92	230	8.12031
XM_006564934.3	1844	1425.92	260	13.5506
XM_006564901.3	2291	1872.92	396	15.7129
XM_003250491.4	6566	6147.92	344.744	4.16725
XM_001121591.5	2055	1636.92	1062	48.2145
XR_410073.3	1317	898.92	42	3.47223
XM_396377.6	3769	3350.92	116	2.57261
XM_006559989.3	6197	5778.92	461.021	5.92863
XM_001120815.5	1939	1520.92	18	0.879522
XR_408570.3	1435	1016.92	7	0.511554
XM_623514.5	4906	4487.92	598	9.90231
XM_391994.7	3508	3089.92	2152	51.7578
XM_393963.6	3653	3234.92	43	0.987837
XM_393962.6	1557	1138.92	3	0.195753
XM_026445190.1	1697	1278.92	74	4.3
XR_119935.4	4966	4547.92	0	0
XM_026445191.1	3383	2964.92	0	0
XM_026445193.1	3005	2586.92	0	0
XM_393976.7	8557	8138.92	2411.33	22.0176
XM_026445194.1	1047	628.92	435	51.4013
XM_026445195.1	1211	792.92	32	2.99917
XM_026445196.1	2443	2024.92	42	1.54142
XM_006565702.3	5613	5194.92	3759.62	53.7831
XM_016916283.2	6213	5794.92	1076.11	13.8004
XM_006565720.3	2552	2133.92	4.00269	0.139397
XM_393658.7	5797	5378.92	108	1.49214
XM_625079.6	1910	1491.92	186	9.26505
XM_392011.7	4269	3850.92	828	15.9789
XM_393996.7	3908	3489.92	61	1.29896
XM_016916039.2	2686	2267.92	181	5.93105
XM_003250143.4	1374	955.92	4	0.31097
XM_026445201.1	1078	659.92	233	26.2389
XM_393997.5	1764	1345.92	1360	75.0931
XR_003306095.1	2343	1924.92	26.9792	1.04159
XM_006560227.3	2889	2470.92	4530	136.245
XR_408673.3	1240	821.92	173	15.6422
XM_396561.4	1357	938.92	849	67.1985
XM_016916266.2	13733	13314.9	1816.23	10.1371
XM_026445203.1	3759	3340.92	88	1.95748
XM_624231.6	6832	6413.92	909	10.5322
XM_392000.7	2154	1735.92	6665	285.332
XM_006562300.3	1714	1295.92	362	20.7592
XM_006562301.3	1759	1340.92	96	5.32046
XM_006562302.3	1737	1318.92	3	0.169038
XR_003306097.1	2368	1949.92	0	0
XR_003306098.1	1234	815.92	0	0
XM_026445206.1	1031	612.92	7269	881.356
XM_624073.5	981	564.396	7450	980.963
XM_395732.6	1554	1135.92	3	0.19627
XM_396662.5	2459	2040.92	93.0741	3.38909
XM_006559286.3	2556	2137.92	0	0
XM_001120327.5	1548	1129.92	433.907	28.5384
XM_393312.7	1909	1490.92	191	9.52049
XM_006559279.3	1680	1261.92	4	0.235564
XM_006563022.3	2077	1658.92	209	9.3627
XM_026445211.1	1316	897.92	253	20.9394
XM_001120579.5	972	555.971	1540	205.849
XM_026445212.1	8591	8172.92	462	4.20093
XR_409590.3	1364	945.92	0	0
XM_003250144.4	6782	6363.92	85.026	0.992905
XR_409587.3	1840	1421.92	0	0
XM_016916005.2	7276	6857.92	263.185	2.85199
XM_397413.6	7198	6779.92	1344	14.7318
XM_392043.7	4881	4462.92	1345	22.3967
XM_026445233.1	4223	3804.92	1585	30.9574
XM_006565640.3	468	171.84	7463	3227.53
XM_393966.5	8919	8500.92	1457	12.7372
XM_006564964.3	4133	3714.92	1931	38.629
XM_026445235.1	3176	2757.92	558	15.036
XM_006565801.3	7679	7260.92	511	5.2301
XM_026445244.1	3778	3359.92	42	0.928968
XM_625187.6	4822	4403.92	380	6.41246
XM_625199.5	1885	1466.92	3065	155.276
XM_006565799.3	1192	773.92	330	31.6883
XM_006560199.3	3391	2972.92	429	10.7239
XM_001121713.5	1672	1253.92	4347	257.632
XM_016916052.2	8701	8282.92	2	0.0179443
XM_394034.6	3693	3274.92	2	0.0453847
XM_625099.6	4343	3924.92	34	0.643767
XM_016916216.2	2186	1767.92	2	0.0840713
XM_026445246.1	3770	3351.92	330	7.31646
XM_394035.6	1795	1376.92	363	19.592
XM_006565746.3	1469	1050.92	63	4.45504
XM_001122835.5	2658	2239.92	31	1.02851
XM_016916070.2	2237	1818.92	5	0.204285
XM_001122862.5	1110	691.92	2	0.21481
XM_003250660.4	1451	1032.92	6	0.431683
XM_003250647.4	1235	816.92	7	0.636794
XM_016916071.2	2704	2285.92	0	0
XM_003250646.4	1132	713.92	0	0
XM_001122848.4	4026	3607.92	461.852	9.5132
XM_003250661.4	2002	1583.92	1	0.0469188
XM_001122842.5	1158	739.92	0	0
XM_001121176.5	521	204.354	377	137.1
XM_396078.7	4277	3858.92	128	2.46504
XM_006562321.3	2719	2300.92	197	6.36275
XM_026445250.1	2771	2352.92	148	4.6745
XM_623125.6	1436	1017.92	758	55.3396
XM_016916327.2	1114	695.92	0	0
XM_625025.6	1643	1224.92	802	48.6572
XR_003306100.1	77	14.1436	281	1476.48
XM_392993.7	3218	2799.92	677	17.969
XM_001122354.5	1695	1276.92	436	25.3748
XM_001122328.5	2395	1976.92	87	3.27047
XM_006558279.3	1890	1471.92	60	3.02934
XM_026445291.1	1032	613.92	2	0.242102
XM_016916765.2	2143	1724.92	2220	95.6455
XM_006560685.3	1763	1344.92	719	39.7295
XM_392704.7	1997	1578.92	0	0
XM_016916769.2	1678	1259.92	1061	62.5825
XM_001122387.5	2103	1684.92	839	37.0052
XM_026445297.1	1477	1058.92	10	0.701806
XR_003306106.1	249	73.6003	0	0
XM_016916790.2	1794	1375.92	1073	57.9545
XM_016916521.2	3852	3433.92	143	3.09476
XM_026445299.1	2591	2172.92	88	3.00967
XM_026445301.1	1651	1232.92	2120	127.785
XM_016916525.2	1296	877.92	0	0
XM_001121657.5	1158	739.92	437	43.8912
XM_016916528.2	666	306.741	110	26.6503
XM_016916523.2	2546	2127.92	2	0.0698482
XM_394061.6	1481	1062.92	0	0
XM_006563549.3	7493	7074.92	436	4.57979
XM_006563546.3	922	511.546	44	6.39218
XR_001705654.2	3415	2996.92	0	0
XM_006563555.3	5205	4786.92	176	2.73235
XM_625007.6	2240	1821.92	664	27.0844
XM_001121815.5	2250	1831.92	96	3.89444
XM_001121888.5	1800	1381.92	56	3.01152
XM_001122276.5	5116	4697.92	580	9.17493
XM_001122242.5	3194	2775.92	14	0.374802
XR_001705759.2	5240	4821.92	2	0.0308241
XM_006560644.3	5691	5272.92	185	2.60736
XM_001122074.5	3579	3160.92	280	6.58302
XR_001705762.2	729	354.202	0	0
XM_026445308.1	3776	3357.92	66	1.46068
XM_392953.6	2361	1942.92	359	13.7316
XM_026445310.1	2128	1709.92	172	7.47538
XM_006560656.3	1525	1106.92	357	23.968
XM_006560662.3	1307	888.92	81	6.77178
XM_026445311.1	3247	2828.92	82	2.15414
XM_624367.5	3156	2737.92	85	2.30716
XM_026445312.1	5824	5405.92	49	0.673607
XM_395264.7	2335	1916.92	435	16.8642
XM_006558241.3	3972	3553.92	616	12.8811
XM_001121683.5	839	440.008	385	65.025
XM_006558293.3	3314	2895.92	42	1.07781
XR_003306116.1	3349	2930.92	8	0.202846
XM_003250216.4	7955	7536.92	106	1.04518
XM_006563463.3	1229	810.92	893	81.8378
XM_625220.6	3623	3204.92	15037.6	348.692
XM_006563464.3	582	245.18	0	0
XM_006563468.3	4963	4544.92	2	0.0327027
XM_006563471.3	2914	2495.92	22	0.655047
XM_394084.7	7341	6922.92	151	1.62094
XM_396448.5	4129	3710.92	219	4.38574
XM_006563470.3	1223	804.92	0	0
XM_396447.6	1500	1081.92	5	0.343443
XM_026445320.1	1401	982.92	0	0
XM_006563473.3	974	557.776	0	0
XM_392056.6	2689	2270.92	29	0.949023
XM_001121410.5	2489	2070.92	175	6.27993
XM_001121277.5	2031	1612.92	68	3.13312
XM_394069.7	700	331.371	753	168.873
XM_006563532.3	736	359.586	3223	666.097
XM_026445322.1	5142	4723.92	454	7.14223
XM_624494.5	2102	1683.92	602	26.5678
XM_026445329.1	1073	654.92	386	43.8005
XM_016916750.2	3033	2614.92	170	4.83138
XM_026445331.1	2262	1843.92	31	1.2494
XM_026445332.1	3404	2985.92	456	11.3492
XM_006563682.3	3320	2901.92	5770	147.765
XM_624578.6	2103	1684.92	233	10.2768
XM_395667.5	1072	653.92	447	50.8
XM_016916549.2	3997	3578.92	13	0.269943
XM_006561008.3	1944	1525.92	1	0.0487022
XM_006561051.3	604	261.219	0	0
XR_003306118.1	5555	5136.92	0	0
XR_003306120.1	3904	3485.92	2	0.0426376
XM_624633.6	5210	4791.92	136	2.10916
XM_394101.6	5129	4710.92	12	0.189302
XM_001122189.5	3538	3119.92	1	0.0238197
XM_001122075.5	11935	11516.9	314	2.02616
XM_001122154.5	1811	1392.92	567	30.2508
XM_395162.7	2324	1905.92	1463	57.0453
XM_623157.5	1284	865.92	459	39.3927
XM_003249736.4	5204	4785.92	462.37	7.17967
XM_006561036.3	1146	727.92	367.63	37.5326
XM_001120100.5	3017	2598.92	81	2.31618
XM_625226.5	2961	2542.92	178	5.20197
XM_625227.6	1951	1532.92	32	1.55135
XM_625225.6	879	474.352	3508	549.59
XM_026445341.1	4065	3646.92	76	1.5487
XM_006561013.3	3248	2829.92	14	0.36765
XM_394099.7	2343	1924.92	163	6.29297
XM_624503.6	1062	643.92	1645	189.852
XM_396009.7	897	489.776	1507	228.663
XM_006561016.3	1297	878.92	796	67.3045
XM_392082.7	3676	3257.92	44	1.00367
XM_016916820.2	3072	2653.92	0	0
XM_016916822.2	1775	1356.92	0	0
XM_006561045.3	1716	1297.92	26.1357	1.49647
XM_006561044.3	2162	1743.92	0	0
XR_001705769.2	3950	3531.92	0	0
XM_001121000.5	2081	1662.92	437	19.5295
XM_394075.6	1300	881.92	640	53.9301
XM_006563513.3	752	371.912	7746	1547.81
XM_006560703.3	11754	11335.9	54	0.354012
XM_003250254.4	7893	7474.92	244.113	2.42697
XM_393179.7	855	453.525	253.994	41.6201
XM_006563648.3	1700	1281.92	4.00555	0.23221
XM_006559974.3	4235	3816.92	1375	26.7713
XR_003306124.1	2963	2544.92	30	0.876047
XR_003306125.1	3326	2907.92	39	0.996696
XM_006560089.3	4282	3863.92	254	4.88524
XM_001121593.5	1545	1126.92	1005	66.2756
XM_016916823.2	5969	5550.92	481	6.43962
XM_624687.5	2342	1923.92	119	4.59664
XM_001121838.5	5835	5416.92	308.22	4.22853
XM_006563655.3	2181	1762.92	1037.09	43.7183
XR_003306126.1	2104	1685.92	1	0.0440802
XM_003249680.4	1425	1006.92	3785	279.352
XM_392089.7	2911	2492.92	1720	51.2744
XR_003306128.1	2712	2293.92	16	0.518349
XM_006560986.3	9601	9182.92	31	0.250877
XM_016916887.2	4787	4368.92	139	2.3644
XM_392085.7	1548	1129.92	1630	107.206
XM_006560985.3	983	566.283	674	88.4519
XM_624613.6	685	319.832	656	152.427
XM_016916828.2	6377	5958.92	516	6.43521
XM_624450.5	776	390.323	282	53.6914
XM_006560676.3	6232	5813.92	351	4.48661
XM_001122441.5	1113	694.92	173	18.5009
XM_006560695.3	3676	3257.92	167	3.8094
XM_026445357.1	1887	1468.92	94	4.75565
XM_026445358.1	1904	1485.92	24	1.20032
XR_001705699.2	1298	879.92	7	0.591201
XM_393162.6	4276	3857.92	74	1.42547
XM_016916562.2	2571	2152.92	41	1.41526
XM_625202.6	408	140.019	785	416.641
XM_624246.6	419	144.229	2846	1466.44
XM_006563512.3	1184	765.92	530	51.4248
XM_625064.6	866	462.856	291	46.7227
XM_026445360.1	3723	3304.92	96	2.15869
XM_003249744.4	1195	776.92	785	75.0886
XM_001120018.3	1165	746.92	320	31.8388
XM_396249.7	1658	1239.92	370	22.1763
XM_006563644.3	1308	889.92	2902	242.341
XM_016916841.2	4477	4058.92	106	1.94078
XM_026445367.1	2109	1690.92	1	0.0439498
XM_006561035.3	1288	869.92	1	0.0854282
XM_026445368.1	1966	1547.92	1016	48.7782
XM_625120.5	1789	1370.92	85	4.60773
XM_395425.6	3112	2693.92	423	11.6691
XM_026445382.1	11959	11540.9	13	0.0837112
XM_396227.7	5231	4812.92	20	0.308817
XM_393106.7	2489	2070.92	82	2.9426
XM_016916482.2	1256	837.92	337	29.8888
XM_026445386.1	13025	12606.9	0	0
XM_393077.7	4057	3638.92	263.701	5.38541
XM_006559032.3	3528	3109.92	255	6.09356
XR_003306131.1	1820	1401.92	0	0
XM_006560091.3	1690	1271.92	116	6.77764
XM_624351.6	2207	1788.92	329	13.6674
XM_006560092.3	1869	1450.92	97	4.96831
XM_006563595.3	3416	2997.92	811	20.1039
XM_016916679.2	4227	3808.92	54	1.05359
XM_396338.7	2328	1909.92	76	2.95719
XM_393211.7	1537	1118.92	485	32.2124
XM_003250245.4	1634	1215.92	67	4.09497
XM_006563604.3	1894	1475.92	756	38.0662
XM_016916678.2	1004	585.92	556	70.5207
XM_393113.7	1420	1001.92	151	11.2002
XM_393112.7	1453	1034.92	242	17.3776
XM_026445393.1	4857	4438.92	11	0.18416
XM_006563605.3	2294	1875.92	1162	46.0333
XM_016916739.2	1043	624.92	0	0
XM_001122466.4	478	177.643	146	61.0782
XM_393409.7	4179	3760.92	322	6.36271
XM_001119829.5	744	365.655	4	0.81296
XM_006563657.3	872	468.12	1	0.158753
XM_026445397.1	8308	7889.92	2611	24.5932
XM_006563445.3	3389	2970.92	251	6.27861
XM_006563434.3	2980	2561.92	133	3.85804
XM_006563442.3	2170	1751.92	885	37.5413
XM_006563432.3	3419	3000.92	2	0.0495286
XM_392070.7	1933	1514.92	260	12.7545
XM_396922.7	1746	1327.92	1331	74.488
XM_006563431.3	1640	1221.92	132	8.02808
XM_026445399.1	1447	1028.92	521	37.6302
XM_016916600.2	1117	698.92	47	4.99748
XM_006563436.3	1262	843.92	876	77.1406
XM_394088.6	630	279.93	213	56.5472
XM_016916597.2	233	67.384	0	0
XM_026445400.1	1625	1206.92	0	0
XR_001705675.2	264	80.2881	2142	1982.66
XR_003306137.1	144	27.245	1	2.72768
XM_026445401.1	2702	2283.92	294	9.56636
XM_016917769.2	1450	1031.92	0	0
XM_395665.7	2013	1594.92	0	0
XM_006559040.3	2143	1724.92	3	0.129251
XM_006559184.3	4586	4167.92	911	16.2435
XM_016916614.2	1467	1048.92	2359	167.134
XR_003306139.1	1528	1109.92	289	19.3503
XR_001705676.2	589	250.135	0	0
XM_026445408.1	2745	2326.92	350	11.1781
XM_001119855.5	2011	1592.92	357	16.6554
XM_393635.6	3331	2912.92	2407	61.4084
XM_006559188.3	765	381.674	3515	684.406
XR_001705677.2	1592	1173.92	3298	208.782
XM_006559948.3	2732	2313.92	78	2.50511
XM_623589.6	1785	1366.92	414	22.508
XM_001120751.5	2976	2557.92	89	2.58573
XR_003306140.1	4775	4356.92	330	5.62879
XR_003306141.1	1066	647.92	0	0
XM_016916846.2	805	412.158	828	149.295
XM_026445410.1	2004	1585.92	0	0
XM_003250211.4	2728	2309.92	0	0
XM_003250212.4	3066	2647.92	4360	122.366
XM_001122452.5	912	502.728	306	45.2344
XR_001705651.2	853	451.846	0	0
XM_623309.5	1764	1345.92	774	42.7368
XM_003249206.4	395	132.979	23	12.8536
XM_006560988.3	2558	2139.92	0	0
XM_001121482.5	1599	1180.92	0	0
XM_001121449.5	1740	1321.92	0	0
XM_006560993.3	2299	1880.92	2	0.0790206
XM_001121541.5	1542	1123.92	0	0
XR_003306142.1	1599	1180.92	0	0
XM_026445412.1	546	220.392	9.25947	3.12228
XM_026445413.1	2483	2064.92	5	0.179948
XM_003249201.4	971	555.061	362	48.4672
XM_001120409.5	991	573.627	447	57.9106
XM_395946.7	1889	1470.92	188	9.49837
XM_006558276.3	1150	731.92	112	11.3719
XM_625105.5	1127	708.92	510	53.463
XM_003249211.4	666	306.741	266	64.4452
XM_394052.7	4398	3979.92	62	1.1577
XM_026445419.1	2901	2482.92	70	2.09515
XM_624224.6	669	308.785	1220	293.619
XM_006563530.3	1367	948.92	460	36.0254
XM_006563531.3	753	372.755	9	1.79432
XM_624478.6	5623	5204.92	2	0.0285559
XM_392838.7	3045	2626.92	410	11.5989
XR_001705788.2	992	574.541	0	0
XM_397078.6	3568	3149.92	84	1.9818
XM_026445421.1	594	253.673	169	49.5101
XM_003249545.4	553	225.143	642	211.913
XM_001121862.5	1656	1237.92	272	16.3289
XM_006563418.3	1808	1389.92	0	0
XM_006563419.3	1799	1380.92	111	5.97358
XR_409692.3	281	86.659	0	0
XM_625221.6	2448	2029.92	59	2.16
XM_003250213.4	2500	2081.92	31	1.10657
XM_026445424.1	3693	3274.92	82	1.86077
XM_026445426.1	3291	2872.92	455	11.7698
XM_625271.6	1470	1051.92	1709	120.737
XM_016916624.2	5547	5128.92	834	12.0843
XM_016916628.2	2131	1712.92	507	21.9964
XM_393020.7	2012	1593.92	209	9.74451
XM_006559205.3	943	529.809	2370	332.437
XM_001121076.5	861	458.561	575	93.1861
XM_392087.7	1929	1510.92	61	3.00033
XM_006560675.3	2820	2401.92	481	14.8822
XM_006561030.3	1833	1414.92	156	8.19357
XM_026445442.1	1594	1175.92	1541	97.388
XM_392789.6	2358	1939.92	667	25.5519
XM_026445444.1	5820	5401.92	123	1.69214
XM_026445447.1	957	542.24	544	74.5569
XM_016916599.2	1948	1529.92	520	25.2589
XM_006563366.3	2364	1945.92	360	13.7486
XM_006563365.3	1109	690.92	0	0
XM_003250223.4	560	229.764	7	2.2641
XM_006563368.3	1194	775.92	2003.83	191.921
XM_006563373.3	3336	2917.92	106	2.69968
XM_006563370.3	2024	1605.92	291.202	13.4757
XM_026445454.1	1258	839.92	1801	159.352
XM_026445455.1	485	181.965	60.7981	24.8304
XM_395192.7	3938	3519.92	178	3.75809
XM_395193.5	1674	1255.92	12	0.710068
XM_001121483.5	1438	1019.92	1682	122.558
XM_006563378.3	3915	3496.92	339	7.20434
XM_006563379.3	2601	2182.92	41	1.39581
XM_623912.6	2606	2187.92	213	7.23483
XM_623884.5	1238	819.92	820	74.3229
XM_395370.5	2581	2162.92	177	6.08154
XM_395371.7	2244	1825.92	590	24.0132
XM_026445457.1	3712	3293.92	274	6.18184
XM_003250260.4	2106	1687.92	478	21.0454
XM_026445459.1	1245	826.92	747	67.1332
XM_006558263.3	2372	1953.92	162	6.16153
XM_026445461.1	1201	782.92	150	14.2382
XM_003250221.4	766	382.457	0	0
XM_026445463.1	2835	2416.92	736	22.6306
XM_006563685.3	2438	2019.92	166	6.10737
XM_006563686.3	806	412.892	449	80.8146
XM_006559956.3	2197	1778.92	244	10.1933
XM_026445468.1	1202	783.92	13	1.2324
XM_016916800.2	7757	7338.92	2409	24.3941
XM_016916707.2	2734	2315.92	6	0.192534
XM_026445471.1	1126	707.92	0	0
XM_026445472.1	1237	818.92	2	0.181497
XM_016916711.2	965	549.65	12	1.62246
XR_001705724.2	522	205.056	0	0
XM_026445473.1	1492	1073.92	55	3.80602
XM_026445474.1	19115	18696.9	807	3.20763
XM_026445492.1	4028	3609.92	3513	72.3204
XM_026445498.1	1608	1189.92	0	0
XM_396280.7	2488	2069.92	361	12.9609
XM_006563710.3	1491	1072.92	3	0.207795
XR_001705719.2	1257	838.92	15	1.32877
XR_001706218.2	1672	1253.92	22	1.30387
XR_003306154.1	899	491.501	0	0
XR_001705723.2	857	455.238	0	0
XR_003306155.1	1398	979.92	26	1.9718
XM_397138.7	1951	1532.92	438	21.2342
XM_006560637.3	2329	1910.92	1440	56.0016
XM_396958.7	2408	1989.92	273	10.1955
XM_026445499.1	482	180.216	7	2.8866
XM_624340.6	2616	2197.92	4493	151.917
XM_016916879.2	1932	1513.92	40	1.96353
XM_016916502.2	1416	997.92	0	0
XM_006563360.3	4444	4025.92	128	2.36279
XM_006562600.3	2034	1615.92	234	10.7616
XM_026445506.1	963	547.802	64	8.68234
XM_392078.7	857	455.238	35	5.71361
XM_006563352.3	1290	871.92	6	0.511393
XM_016916508.2	456	164.622	0	0
XM_001120999.5	446	158.812	0	0
XM_001121077.5	378	123.328	0	0
XM_006563359.3	733	357.207	98	20.3885
XM_006563358.3	437	154.065	3	1.4471
XM_026445507.1	13562	13143.9	3	0.016962
XR_001705638.2	1851	1432.92	1	0.0518631
XR_001705642.2	2594	2175.92	0	0
XR_001705645.2	4419	4000.92	11.0171	0.204639
XM_006563594.3	620	273.062	7992	2175.08
XM_623432.6	1621	1202.92	369	22.7966
XM_001122341.5	1335	916.92	711	57.626
XM_006560684.3	1641	1222.92	828	50.3168
XM_026445509.1	1418	999.92	797	59.2343
XM_026445510.1	1948	1529.92	0	0
XM_003250247.4	1802	1383.92	285	15.3043
XM_016916875.2	2744	2325.92	6	0.191707
XM_003249685.4	1974	1555.92	80	3.82105
XM_001120817.5	2315	1896.92	6	0.235062
XM_026445511.1	1792	1373.92	255	13.793
XM_026445513.1	903	495.073	1243	186.587
XM_003250253.4	2206	1787.92	1	0.0415654
XM_392047.7	2963	2544.92	420	12.2647
XM_026445515.1	2497	2078.92	480	17.1587
XM_006557582.3	4805	4386.92	201	3.405
XM_395910.7	1774	1355.92	79	4.32986
XM_006557589.3	1539	1120.92	172	11.4034
XM_392709.7	1313	894.92	585	48.5794
XM_006557590.3	1108	689.92	0	0
XR_001705781.2	995	577.282	45	5.79302
XM_625111.5	1226	807.92	5849	538.014
XR_003306157.1	403	137.467	11	5.94668
XM_006563428.3	3580	3161.92	976	22.9393
XM_394092.7	5341	4922.92	13	0.196246
XM_006563425.3	1565	1146.92	185	11.9872
XM_016916645.2	3016	2597.92	0	0
XM_394090.5	1477	1058.92	482	33.8271
XM_623985.6	2333	1914.92	115	4.46301
XM_016916622.2	2204	1785.92	161	6.69953
XM_623831.6	1934	1515.92	597	29.267
XM_016916883.2	3016	2597.92	120	3.4327
XM_001122465.5	1406	987.92	135	10.1553
XM_026445519.1	1054	635.92	1353	158.116
XM_623494.6	1198	779.92	514	48.9771
XM_026445520.1	4503	4084.92	462	8.40502
XR_003306158.1	1910	1491.92	626	31.1824
XM_624459.6	1721	1302.92	297	16.9402
XM_026445522.1	1397	978.92	5678	431.051
XR_408967.3	3564	3145.92	3	0.0708686
XM_001120353.5	2155	1736.92	685	29.3083
XM_001120192.5	1441	1022.92	694	50.4195
XM_026445526.1	585	247.311	367	110.281
XM_003250259.4	1422	1003.92	73	5.40386
XM_006560646.3	1691	1272.92	497	29.0159
XM_392684.7	881	476.042	2019	315.189
XM_026445529.1	2072	1653.92	85	3.81931
XM_026445530.1	1992	1573.92	84	3.96622
XM_623806.5	697	329.007	1223	276.25
XM_006559944.3	508	196.083	70	26.53
XM_026445531.1	1564	1145.92	56	3.63174
XM_001122665.5	7037	6618.92	860	9.65588
XM_006563652.3	2020	1601.92	0	0
XR_409736.3	2301	1882.92	26	1.02618
XR_409733.3	5232	4813.92	41	0.632944
XR_003306159.1	1768	1349.92	2	0.110104
XR_409741.3	1468	1049.92	5	0.353911
XM_001122241.5	1399	980.92	413	31.2894
XM_026445536.1	1074	655.92	256	29.0048
XM_395566.7	1008	589.92	4768	600.653
XM_026445538.1	1436	1017.92	14	1.0221
XM_006561018.3	5179	4760.92	39	0.608771
XR_408976.3	2257	1838.92	41	1.65692
XM_006561020.3	1038	619.92	26	3.11687
XM_026445541.1	1171	752.92	0	0
XM_006561024.3	3151	2732.92	4727	128.54
XM_006561022.3	2530	2111.92	1402	49.3345
XR_001705696.2	213	58.4191	4	5.08845
XM_006563623.3	4824	4405.92	13	0.219274
XM_003250283.3	2169	1750.92	0	0
XM_001122615.5	2596	2177.92	12	0.409468
XM_006563631.3	2696	2277.92	234	7.6341
XM_006563634.3	1315	896.92	0	0
XM_026445546.1	1260	841.92	1072	94.6247
XR_003306162.1	5220	4801.92	1	0.0154762
XM_026445549.1	898	490.632	933	141.321
XM_394113.7	668	308.057	1955	471.624
XM_393326.7	1693	1274.92	107	6.23708
XM_394098.7	2540	2121.92	213	7.45987
XM_001120328.5	4950	4531.92	18	0.295169
XM_393172.7	4348	3929.92	606.117	11.4618
XM_001121985.5	1523	1104.92	1	0.0672589
XM_026445556.1	4699	4280.92	16	0.277756
XM_394067.6	4493	4074.92	524	9.55636
XM_003250238.4	3035	2616.92	57.2147	1.62479
XM_001122096.5	2758	2339.92	10	0.317599
XM_392061.7	8742	8323.92	522.351	4.66353
XM_016916585.2	2168	1749.92	3	0.127404
XM_026445561.1	2691	2272.92	4	0.130784
XM_006563573.3	2881	2462.92	2511	75.7664
XM_016916588.2	1999	1580.92	469	22.0467
XM_006563567.3	2369	1950.92	384	14.6276
XM_016916700.2	1774	1355.92	3	0.164425
XM_026445564.1	1986	1567.92	379	17.9637
XM_006563565.3	1594	1175.92	18	1.13756
XM_392055.7	2304	1885.92	2573	101.39
XM_392060.7	836	437.578	2891	490.991
XM_001122227.5	1392	973.92	60	4.57834
XM_006563559.3	1151	732.92	0	0
XM_001120608.4	806	412.892	1727	310.839
XM_624835.6	757	375.677	125	24.7272
XM_016916593.2	854	452.677	14115	2317.25
XM_624784.6	456	164.622	7973	3599.27
XR_001705670.2	398	134.688	8	4.41411
XR_001705672.2	1669	1250.92	37	2.19813
XR_003306164.1	506	194.837	0	0
XM_003250262.4	1384	965.92	1	0.0769377
XM_392728.7	1640	1221.92	24	1.45965
XM_026445566.1	2368	1949.92	41	1.5626
XM_006559193.3	1236	817.92	47	4.27039
XM_003249411.3	3653	3234.92	781	17.9419
XR_003306166.1	652	296.516	146	36.592
XR_003306167.1	1680	1261.92	2	0.117782
XM_006560987.3	2853	2434.92	0	0
XR_001705774.2	2331	1912.92	1	0.0388493
XM_026445569.1	2415	1996.92	11	0.409367
XM_026445570.1	2069	1650.92	18	0.810265
XM_392068.7	2675	2256.92	95	3.12815
XM_625212.6	2360	1941.92	0	0
XM_394081.6	1814	1395.92	1	0.0532378
XM_016916515.2	1460	1041.92	0	0
XM_003250222.4	2157	1738.92	117	5.00019
XM_006563487.3	1040	621.92	2	0.238988
XM_392067.7	1185	766.92	23	2.22873
XM_001121061.5	997	579.101	243	31.184
XM_006559960.3	10608	10189.9	157	1.14501
XR_003306168.1	1914	1495.92	67	3.32849
XM_624634.6	2044	1625.92	986.834	45.1051
XM_006559968.3	3234	2815.92	102.133	2.69541
XM_026445573.1	6492	6073.92	5033	61.5798
XM_006560696.3	3224	2805.92	0	0
XM_006563411.3	3977	3558.92	255	5.32479
XM_026445578.1	1689	1270.92	237	13.8583
XM_026445580.1	3399	2980.92	10.6935	0.266593
XM_393165.7	1049	630.92	167	19.6708
XM_392050.7	4875	4456.92	91.0995	1.51901
XM_394058.7	3595	3176.92	1364.16	31.9109
XM_392051.5	3695	3276.92	94	2.13178
XM_006563659.3	4518	4099.92	1	0.0181261
XR_003306170.1	3260	2841.92	4	0.104599
XM_026445588.1	5412	4993.92	297	4.41973
XM_001121740.4	946	532.341	4	0.558407
XR_409688.3	407	139.422	73	38.9109
XR_409687.3	590	250.902	0	0
XM_026445619.1	635	283.496	15	3.9321
XM_026445620.1	1201	782.92	34	3.22732
XM_006560635.3	4044	3625.92	50	1.02478
XM_026445621.1	13605	13186.9	0	0
XM_026445622.1	1071	652.92	4	0.455282
XM_026445623.1	3112	2693.92	0	0
XM_026445624.1	821	425.079	0	0
XM_026445625.1	8759	8340.92	7	0.0623684
XM_016916487.2	1242	823.92	1.30654	0.117847
XM_026445626.1	1728	1309.92	0	0
XM_006563720.2	1287	868.92	26	2.22369
XM_003250215.4	3996	3577.92	0	0
XM_026445627.1	6928	6509.92	67	0.764856
XM_026445628.1	3227	2808.92	1	0.026457
XM_026445629.1	3601	3182.92	22	0.513662
XM_026445630.1	464	169.678	0	0
XM_026445631.1	582	245.18	0	0
XM_006563493.3	7156	6737.92	164	1.80883
XM_006563491.3	2527	2108.92	52	1.83241
XM_392065.7	2359	1940.92	7101	271.889
XR_003306172.1	850	449.277	1	0.165412
XM_006560096.3	4069	3650.92	494	10.0555
XR_001705708.2	1635	1216.92	0	0
XR_003306177.1	1382	963.92	2	0.154195
XM_624210.6	3935	3516.92	89	1.88065
XM_006560099.3	1361	942.92	97	7.645
XM_026445634.1	5119	4700.92	114	1.8022
XM_625193.6	2903	2484.92	694	20.7552
XM_016916535.2	2210	1791.92	396.397	16.4396
XM_016916538.2	8836	8417.92	41.9663	0.37049
XM_001119915.5	3493	3074.92	901.107	21.7783
XM_393612.7	1935	1516.92	2280	111.7
XM_006563497.3	2085	1666.92	717	31.9657
XM_026445638.1	859	456.867	43.6028	7.09259
XR_409705.3	1745	1326.92	6	0.336037
XR_003306178.1	6624	6205.92	42.0367	0.503389
XM_003250229.4	1802	1383.92	234	12.5657
XM_006563504.3	1592	1173.92	52	3.29189
XM_006563505.3	706	336.322	397	87.7234
XM_625182.6	735	358.809	649	134.42
XM_623433.6	1786	1367.92	170	9.23568
XM_026445640.1	6461	6042.92	29	0.356641
XM_006560688.3	2223	1804.92	118	4.85853
XM_001120043.5	1480	1061.92	0	0
XM_016916654.2	1384	965.92	289	22.235
XM_006560690.3	1596	1177.92	350	22.0817
XM_392893.7	1538	1119.92	476	31.5864
XM_026445641.1	6169	5750.92	57	0.736577
XM_026445642.1	1958	1539.92	137	6.61154
XM_395294.7	2007	1588.92	204	9.54132
XM_026445648.1	560	229.764	695	224.793
XR_407797.3	816	420.82	0	0
XM_026445649.1	3800	3381.92	222	4.87832
XM_394056.7	7134	6715.92	14	0.154918
XM_001121268.5	763	380.054	435	85.0599
XM_394055.7	2598	2179.92	513	17.4887
XR_409749.3	4831	4412.92	19.2746	0.324594
XR_003306179.1	2100	1681.92	17	0.751145
XM_623477.6	1234	815.92	2905	264.593
XM_396485.7	2771	2352.92	303	9.57009
XM_393237.7	2230	1811.92	1172	48.0694
XM_026445655.1	1004	585.92	1	0.126836
XM_006560697.3	1255	836.92	3	0.26639
XM_003249671.4	2306	1887.92	1	0.0393638
XR_003306184.1	2989	2570.92	1171	33.8492
XR_003306190.1	594	253.673	5	1.4648
XR_003306191.1	1693	1274.92	9	0.524614
XM_001120581.5	1696	1277.92	155	9.01381
XM_625156.5	852	451.027	304	50.0901
XM_392094.7	2474	2055.92	273	9.86818
XM_394112.7	1589	1170.92	886	56.2324
XM_001121481.5	735	358.809	606	125.513
XM_001120215.5	1654	1235.92	387	23.2702
XM_001120329.5	605	261.943	1039	294.774
XM_006563693.3	2851	2432.92	55	1.68002
XM_001120441.5	1846	1427.92	137	7.13012
XM_624990.5	514	199.717	231	85.9564
XM_006563695.3	2046	1627.92	413	18.8537
XM_001120493.5	2463	2044.92	177	6.43246
XM_396282.7	1756	1337.92	643	35.7159
XM_006563613.3	5976	5557.92	67	0.895866
XR_003306192.1	2511	2092.92	0	0
XR_409721.3	3746	3327.92	12.7137	0.28391
XR_001705741.2	4541	4122.92	7	0.126175
XM_006560638.3	3021	2602.92	365	10.4211
XM_394109.6	6175	5756.92	199	2.56888
XM_392090.6	2181	1762.92	470.811	19.847
XR_408793.3	3632	3213.92	0	0
XM_625224.5	3100	2681.92	282	7.81419
XM_625223.5	1171	752.92	231	22.8005
XM_393307.7	656	299.4	484	120.136
XM_394094.6	2237	1818.92	93	3.7997
XM_394095.7	1376	957.92	30	2.32741
XM_392077.7	1287	868.92	745	63.7172
XM_001120689.5	2124	1705.92	812	35.3735
XM_623714.6	877	472.541	391	61.4919
XM_026445671.1	4856	4437.92	500.716	8.38479
XM_026445672.1	2956	2537.92	27	0.790617
XM_026445674.1	2867	2448.92	19	0.57658
XM_016917359.2	428	149.385	2	0.994955
XM_006559945.3	3519	3100.92	463.079	11.098
XM_395366.6	1944	1525.92	1321	64.3356
XM_624409.6	2050	1631.92	138	6.28435
XM_395210.5	2028	1609.92	5586	257.856
XM_624432.5	751	371.083	253	50.6675
XM_624534.6	1138	719.92	1253.92	129.439
XM_001122933.5	7243	6824.92	318	3.46266
XM_026445683.1	3058	2639.92	755	21.2538
XM_394082.7	6162	5743.92	212	2.74289
XM_016916519.2	3266	2847.92	526	13.7258
XM_397181.7	4829	4410.92	457	7.69959
XM_625083.6	1749	1330.92	183	10.2183
XM_001121915.5	3371	2952.92	2	0.0503337
XM_016916685.2	2643	2224.92	0	0
XM_006561001.3	1991	1572.92	0	0
XM_392084.7	1644	1225.92	46	2.78854
XM_016916686.2	1380	961.92	0	0
XM_006560996.3	1461	1042.92	0	0
XM_001121625.4	1726	1307.92	0	0
XM_001121942.5	959	544.09	0	0
XM_001121961.5	961	545.967	0	0
XM_001121861.5	884	478.517	0	0
XM_006560997.3	2948	2529.92	0	0
XM_006560994.2	2174	1755.92	5	0.211615
XM_006560995.3	1738	1319.92	0	0
XR_003306194.1	1592	1173.92	0	0
XR_003306195.1	2875	2456.92	0	0
XR_003306196.1	194	50.088	13.0142	19.3092
XR_003306197.1	141	25.6806	17	49.1954
XM_026445706.1	4883	4464.92	398	6.62445
XM_026445708.1	6077	5658.92	31	0.407107
XM_006557729.3	4318	3899.92	42	0.800339
XM_396394.7	2678	2259.92	237	7.79356
XM_026445710.1	5187	4768.92	129	2.01025
XR_003306198.1	3299	2880.92	78	2.01207
XM_624930.6	1641	1222.92	1614	98.0812
XM_395837.7	4039	3620.92	160	3.28384
XR_003306199.1	174	40.64	100	182.864
XM_001120278.5	2558	2139.92	33.0416	1.14748
XM_623643.6	1399	980.92	1000	75.7612
XM_003249450.4	824	427.578	538	93.5078
XM_003249455.4	778	390.487	191	36.3502
XR_003306200.1	2961	2542.92	4	0.116898
XR_001705951.2	1744	1325.92	2	0.112097
XM_395650.5	5689	5270.92	215	3.03132
XM_394115.7	3866	3447.92	253	5.4531
XM_016917116.2	1641	1222.92	0	0
XM_006559381.3	10790	10371.9	122	0.87414
XM_001121716.5	6730	6311.92	2213	26.0556
XM_006559376.3	2377	1958.92	223	8.45997
XM_003249431.4	1600	1181.92	18	1.13179
XM_006559383.2	4081	3662.92	689	13.9789
XM_026445716.1	1169	750.92	46	4.55244
XR_408344.3	1655	1236.92	0	0
XR_001705908.2	1715	1296.92	0	0
XR_003306211.1	368	118.4	7	4.39365
XR_003306212.1	764	380.879	3	0.585348
XR_003306213.1	487	183.236	17	6.89477
XM_394944.7	6654	6235.92	88	1.04873
XM_006559404.3	1712	1293.92	42	2.41225
XM_624321.6	1047	628.92	7	0.827148
XM_001120770.5	1878	1459.92	17	0.865367
XR_003306215.1	196	51.0798	0	0
XR_001705960.2	1329	910.92	0	0
XM_395530.5	1167	748.92	428	42.4706
XM_001120728.5	540	216.549	487	167.13
XM_006563143.2	754	373.491	936	186.241
XM_006561377.3	321	106.769	543	377.949
XM_006561415.2	477	177.118	388	162.798
XM_623900.5	4956	4537.92	19	0.311155
XM_003249106.4	772	387.163	96	18.4271
XM_006557283.3	441	156.079	1758	837.055
XM_003249107.4	2424	2005.92	71	2.63042
XR_003306217.1	1241	822.92	0	0
XM_026445719.1	1646	1227.92	77	4.66016
XM_016917117.2	4451	4032.92	89	1.64003
XM_001121565.5	2049	1630.92	117	5.33131
XM_026445720.1	1431	1012.92	0	0
XM_026445721.1	1116	697.92	10	1.06482
XR_003306219.1	1099	680.92	0	0
XM_623829.6	1882	1463.92	122	6.19331
XM_026445722.1	962	546.891	261	35.4666
XM_016917056.2	1424	1005.92	542	40.042
XM_001121123.5	2691	2272.92	108	3.53118
XM_006563157.3	2677	2258.92	103	3.38857
XM_006563155.3	1591	1172.92	17	1.07711
XM_006563153.3	6544	6125.92	20	0.242627
XM_006557766.3	1945	1526.92	974	47.4049
XM_016916984.2	629	279.188	257	68.4095
XM_392103.6	1643	1224.92	66	4.00421
XM_392102.7	2070	1651.92	267	12.0117
XM_006559389.3	6247	5828.92	41	0.522728
XR_003306222.1	849	448.428	30	4.97175
XM_026445732.1	1563	1144.92	0	0
XR_001705901.2	1587	1168.92	0	0
XM_397509.7	2372	1953.92	368	13.9966
XM_006563104.3	3488	3069.92	271	6.56028
XM_006563106.3	943	529.809	1261	176.879
XM_006563103.3	714	342.606	50	10.8457
XM_006561323.3	7212	6793.92	120	1.31263
XM_392899.7	2844	2425.92	378	11.5797
XM_003250037.4	439	155.024	0	0
XM_026445737.1	4684	4265.92	1493	26.0092
XR_003306223.1	1532	1113.92	2	0.133431
XR_003306225.1	2833	2414.92	14	0.43083
XR_003306228.1	348	118.804	0	0
XR_001706004.2	445	158.317	0	0
XM_006559401.3	3549	3130.92	165	3.91645
XR_001705911.2	2150	1731.92	16	0.686551
XM_006559419.3	2910	2491.92	163	4.86109
XR_408366.3	935	522.824	16	2.27429
XR_003306229.1	6419	6000.92	926	11.4676
XM_624389.6	898	490.632	1023	154.953
XM_395283.7	1843	1424.92	815	42.5057
XM_395282.7	1723	1304.92	794	45.2186
XM_006559398.3	3690	3271.92	954	21.6684
XM_026445742.1	1110	691.92	131	14.0701
XM_026445743.1	1557	1138.92	20	1.30502
XR_003306230.1	664	305.268	7	1.70411
XR_120113.4	2892	2473.92	28	0.84111
XM_003249806.4	2904	2485.92	947	28.3102
XM_026445748.1	1469	1050.92	277	19.588
XM_001119960.5	592	252.3	11384	3353.19
XM_006557742.3	680	316.494	578	135.72
XM_006557743.3	1024	605.92	129	15.8218
XR_003306232.1	822	425.901	0	0
XM_003249038.4	918	507.94	1308	191.371
XM_016916953.2	1252	833.92	0	0
XM_001122155.5	2376	1957.92	30	1.13869
XM_001122172.5	782	393.541	193	36.4458
XM_026445752.1	1081	662.92	0	0
XM_397056.7	1716	1297.92	966	55.3108
XM_016916994.2	799	407.239	24	4.37968
XM_026445757.1	574	239.741	379	117.483
XM_397331.7	2414	1995.92	9	0.335104
XM_026445761.1	1755	1336.92	4589	255.09
XM_006563199.3	1068	649.92	636	72.724
XM_003250175.4	832	434.224	292	49.9746
XM_001120045.5	6002	5583.92	7	0.0931621
XR_003306233.1	863	460.242	0	0
XM_006563091.3	2272	1853.92	16	0.641371
XR_001705995.2	351	120.119	0	0
XM_026445765.1	1077	658.92	26	2.93239
XR_003306239.1	954	539.498	3	0.413249
XR_003306245.1	2937	2518.92	6	0.177018
XR_408361.3	927	516.006	0	0
XM_026445768.1	2890	2471.92	521	15.6633
XM_392937.7	3040	2621.92	631	17.8851
XM_006557698.3	2230	1811.92	148	6.0702
XM_392097.7	6924	6505.92	474	5.4144
XM_006563124.3	6426	6007.92	2802.98	34.6718
XM_001121079.5	1665	1246.92	0	0
XR_001705906.2	1086	667.92	28	3.1154
XM_006563100.3	2666	2247.92	510	16.8605
XM_623218.6	2069	1650.92	29	1.30543
XR_003306249.1	5431	5012.92	6	0.088949
XR_003306257.1	4158	3739.92	0	0
XR_408305.3	3506	3087.92	6	0.144399
XR_408311.3	2913	2494.92	0	0
XR_408310.3	2387	1968.92	0	0
XM_624710.6	1012	593.92	2599	325.206
XM_624693.6	630	279.93	5772	1532.35
XM_006563088.3	2869	2450.92	1	0.0303215
XM_396063.7	3263	2844.92	278	7.26198
XM_026445776.1	933	521.199	144	20.5324
XM_006561384.3	1239	820.92	307	27.7919
XM_026445778.1	6687	6268.92	13	0.15411
XM_006561381.3	2716	2297.92	150	4.85106
XM_026445780.1	1097	678.92	2	0.218923
XM_392746.7	1837	1418.92	1328	69.5538
XM_624821.6	1451	1032.92	1563	112.453
XM_016917086.2	527	208.128	2047	730.915
XM_026445781.1	2038	1619.92	209	9.58811
XM_624943.6	2151	1732.92	233	9.99212
XM_026445782.1	9678	9259.92	37	0.296944
XM_003249804.4	1202	783.92	776	73.5649
XM_006559367.3	4982	4563.92	6	0.0976998
XR_001705984.2	2098	1679.92	0	0
XM_624374.4	3017	2598.92	71	2.03023
XM_623546.6	1060	641.92	462	53.4862
XM_395497.7	1871	1452.92	43	2.19941
XM_026445783.1	501	191.773	36	13.9507
XM_001120412.5	883	477.657	2098	326.414
XM_006563101.3	715	343.329	774	167.537
XM_624664.5	1504	1085.92	279	19.0936
XM_625012.4	1413	994.92	1	0.0746951
XM_394120.7	7804	7385.92	4.00678	0.0403154
XM_026445785.1	845	444.983	0	0
XR_408324.3	1540	1121.92	0	0
XR_001706092.2	885	479.376	0	0
XR_001706016.2	6223	5804.92	0	0
XR_001706094.2	2237	1818.92	0	0
XR_408320.3	930	518.561	0	0
XR_001706034.2	2163	1744.92	0	0
XR_003306277.1	1744	1325.92	0	0
XR_001706093.2	2425	2006.92	0	0
XR_003306278.1	938	525.387	0	0
XR_001706106.2	2089	1670.92	12	0.533711
XR_003306279.1	936	523.612	0	0
XM_006561339.3	5134	4715.92	61	0.961267
XM_393381.7	1701	1282.92	1456	84.3417
XM_006561329.3	4028	3609.92	265	5.45543
XR_003306280.1	1361	942.92	0	0
XR_120007.4	5640	5221.92	171	2.43358
XM_006563134.3	2041	1622.92	0	0
XM_026445789.1	1995	1576.92	257	12.1117
XM_397213.6	1455	1036.92	371	26.5894
XM_001120583.5	1337	918.92	837	67.6906
XM_006561407.3	4380	3961.92	65	1.21924
XM_016916945.2	5143	4724.92	27	0.424668
XM_026445790.1	2951	2532.92	9	0.264059
XM_006561411.3	2457	2038.92	0	0
XM_006561404.3	2439	2020.92	13	0.478051
XM_016916948.2	4523	4104.92	988	17.8868
XM_006561398.3	2919	2500.92	1600	47.5445
XM_396572.7	998	580.014	723	92.6361
XR_003306282.1	1187	768.92	0	0
XR_003306285.1	1811	1392.92	0	0
XR_003306286.1	3719	3300.92	2	0.0450272
XR_001705889.2	571	237.713	0	0
XR_003306288.1	542	217.781	2	0.682481
XR_001705896.2	799	407.239	0	0
XM_026445793.1	3223	2804.92	165	4.37163
XM_624074.6	2962	2543.92	232	6.77743
XM_016916939.2	1435	1016.92	159	11.6196
XM_016916938.2	1316	897.92	2	0.165528
XM_397291.7	1723	1304.92	452	25.7416
XM_623899.6	1178	759.92	1133	110.801
XM_396630.6	1015	596.92	786	97.8559
XM_006561394.2	1095	676.92	3	0.329355
XR_409114.3	1881	1462.92	4	0.203198
XR_001705842.2	8081	7662.92	0	0
XR_001705833.2	1603	1184.92	53	3.32405
XR_003306304.1	4320	3901.92	0	0
XR_409094.3	2982	2563.92	7	0.202896
XR_003306308.1	2998	2579.92	0	0
XR_003306309.1	1532	1113.92	0	0
XR_409099.3	2112	1693.92	0	0
XR_003306310.1	885	479.376	0	0
XM_006561325.3	1209	790.92	354	33.2622
XM_006557776.3	1515	1096.92	3	0.203248
XM_395810.7	704	334.684	417	92.5937
XR_409074.3	577	241.717	129	39.661
XM_016916972.2	2538	2119.92	129	4.52221
XM_026445832.1	12661	12242.9	195	1.18367
XM_026445834.1	6110	5691.92	198	2.58516
XM_006561355.3	2128	1709.92	940	40.8538
XM_026445837.1	2629	2210.92	416	13.983
XM_395818.6	2411	1992.92	142	5.29516
XR_409090.3	340	115.802	55	35.2961
XR_003306312.1	805	412.158	11	1.98339
XR_001705898.2	340	115.802	1	0.641746
XM_623478.6	980	563.467	254	33.5001
XM_624940.6	718	345.644	2677	575.572
XM_016916914.2	1850	1431.92	22	1.14179
XR_001705900.2	246	72.3909	0	0
XM_395421.7	1413	994.92	129	9.63567
XM_026445843.1	3263	2844.92	734	19.1737
XR_003306313.1	4440	4021.92	67.5734	1.2486
XR_001705917.2	4955	4536.92	2	0.0327604
XR_001705994.2	1884	1465.92	61	3.09243
XR_001705923.2	7220	6801.92	7	0.0764798
XR_003306314.1	1636	1217.92	8	0.488148
XR_003306315.1	2928	2509.92	0	0
XM_394134.5	3586	3167.92	15	0.351882
XR_408351.3	617	270.847	0	0
XM_624984.5	586	248.052	540	161.783
XM_026445844.1	2266	1847.92	6	0.241295
XM_026445846.1	1627	1208.92	43	2.64333
XM_624972.5	597	255.928	461	133.864
XM_003249105.4	636	284.209	534	139.631
XM_003249434.4	778	390.487	27	5.13851
XM_026445847.1	2588	2169.92	0	0
XM_006557786.3	1675	1256.92	33	1.95113
XM_006563102.3	1883	1464.92	3	0.152191
XM_006562370.3	3631	3212.92	0	0
XR_003306325.1	2774	2355.92	0	0
XM_026445849.1	840	440.837	0	0
XR_003306326.1	1095	676.92	11	1.20764
XM_006557759.3	916	506.145	1	0.146827
XR_408335.3	1617	1198.92	0	0
XR_001705992.2	1659	1240.92	2	0.119775
XM_392108.7	2301	1882.92	268	10.5775
XM_392107.7	5381	4962.92	1048	15.6929
XM_006563137.3	2289	1870.92	218	8.65928
XM_006563198.3	4609	4190.92	191	3.38692
XM_006559407.3	4888	4469.92	43	0.714906
XM_397228.7	4436	4017.92	932	17.2383
XM_016917029.2	669	308.785	29	6.97946
XM_006563192.3	932	520.384	5	0.714047
XM_006563147.3	4534	4115.92	10	0.180557
XM_006563151.3	9063	8644.92	73.7116	0.633659
XM_006557764.3	4495	4076.92	90	1.64055
XM_396830.7	4916	4497.92	150	2.47833
XM_001119916.4	1925	1506.92	96	4.73436
XM_001119858.5	1062	643.92	195	22.5052
XR_003306328.1	1315	896.92	1	0.0828565
XR_001705970.2	677	314.573	34	8.03226
XR_003306329.1	1532	1113.92	0	0
XR_003306331.1	876	471.686	0	0
XM_016917155.2	991	573.627	0	0
XM_016916979.2	444	157.812	0	0
XM_016916921.2	9372	8953.92	1000	8.29979
XM_016916924.2	5076	4657.92	262	4.18013
XM_026445863.1	3058	2639.92	151	4.25076
XM_026445864.1	2426	2007.92	48	1.77654
XM_395927.7	10182	9763.92	3377	25.7032
XM_396972.7	1438	1019.92	12	0.874371
XM_026445865.1	1925	1506.92	0	0
XM_026445867.1	1438	1019.92	8	0.582914
XM_001122192.5	1386	967.92	87	6.67975
XM_006557706.3	482	180.216	11	4.53608
XM_016916929.2	1042	623.92	176	20.9635
XM_624907.5	685	319.832	807	187.513
XR_003306332.1	811	416.845	45	8.02265
XR_001705807.2	636	284.209	4	1.04593
XR_003306333.1	1007	588.92	4	0.504759
XM_006557757.3	7735	7316.92	333	3.38218
XM_624704.6	2755	2336.92	107	3.40267
XM_006557748.3	1590	1171.92	196	12.4291
XM_016917136.2	783	394.368	4	0.753769
XR_003306335.1	2380	1961.92	8	0.303032
XM_624464.6	1783	1364.92	1415	77.0424
XM_006557289.3	1806	1387.92	3113	166.684
XM_006557296.3	487	183.236	14	5.67804
XM_026445879.1	4953	4534.92	1564	25.6299
XM_026445881.1	4210	3791.92	790	15.4828
XM_001120442.5	1815	1396.92	5	0.265998
XR_407570.3	1080	661.92	14	1.57182
XR_003306336.1	556	227.136	1	0.327186
XR_001705902.2	1839	1420.92	0	0
XM_006563113.3	5734	5315.92	808	11.2957
XM_026445886.1	13375	12956.9	289.007	1.65763
XM_006563127.3	5691	5272.92	512	7.21604
XM_006563130.3	4393	3974.92	2842	53.1344
XM_026445896.1	10702	10283.9	662	4.78387
XM_397241.7	4228	3809.92	344	6.71001
XM_026445903.1	1329	910.92	1	0.0815831
XM_026445904.1	1204	785.92	0	0
XM_026445905.1	1351	932.92	20	1.59318
XM_026445907.1	330	110.805	420	281.69
XM_026445908.1	1680	1261.92	2	0.117782
XM_026445909.1	3364	2945.92	2	0.0504533
XM_026445910.1	2964	2545.92	142	4.14499
XM_026445911.1	1386	967.92	2	0.153557
XM_016916954.2	851	450.155	0	0
XM_001122097.5	5881	5462.92	121	1.64604
XM_026445913.1	2892	2473.92	0	0
XM_003249108.4	2974	2555.92	308	8.95538
XM_003249114.4	2534	2115.92	8	0.280977
XM_392977.7	2897	2478.92	41.1794	1.23452
XM_026445918.1	2668	2249.92	2805.95	92.6817
XM_026445920.1	1924	1505.92	5	0.246745
XM_623698.6	2038	1619.92	749	34.3612
XM_393344.7	4422	4003.92	1204	22.3471
XM_006557683.3	2111	1692.92	18	0.790163
XM_016917418.2	444	157.812	55.8206	26.2867
XR_003306339.1	1263	844.92	12	1.05547
XM_006557733.3	432	151.707	2	0.979726
XM_001120800.5	607	263.485	11	3.10254
XM_625290.6	2554	2135.92	762	26.5125
XM_006557736.3	2849	2430.92	123	3.76023
XM_006557739.3	1238	819.92	2015	182.635
XM_016917092.2	2074	1655.92	162	7.27036
XR_407554.3	796	404.887	2	0.367093
XM_624158.6	1608	1189.92	783	48.9018
XM_393021.7	2192	1773.92	675	28.2781
XR_408337.3	1591	1172.92	22	1.39391
XM_006559373.3	3010	2591.92	284	8.14286
XM_395550.7	2057	1638.92	229	10.3838
XM_006559394.3	3862	3443.92	13	0.280524
XM_026445928.1	3739	3320.92	37	0.827987
XM_392994.7	2785	2366.92	123	3.86191
XM_006559396.3	1782	1363.92	3	0.16346
XM_396851.7	3277	2858.92	62	1.61165
XM_396853.7	3280	2861.92	3792	98.4671
XM_396852.6	4166	3747.92	28	0.555198
XM_006557714.3	3701	3282.92	806	18.2455
XM_006557715.3	2344	1925.92	1527	58.9225
XM_026445939.1	1387	968.92	151	11.5816
XM_396976.7	1410	991.92	1576	118.076
XM_006557299.3	2226	1807.92	250	10.2764
XM_396192.7	5021	4602.92	25	0.403633
XR_003306352.1	162	35.1897	173	365.351
XR_003306353.1	162	35.1897	17	35.9016
XR_003306354.1	165	36.2502	0	0
XR_003306355.1	119	24.4922	122.471	371.61
XR_003306357.1	121	25.1421	2.02368	5.98166
XM_003249101.4	1273	854.92	25	2.17318
XM_006565859.3	6271	5852.92	420	5.33282
XM_026446383.1	8222	7803.92	775	7.38022
XM_001121685.5	3543	3124.92	643	15.2916
XM_026446386.1	2963	2544.92	110	3.21217
XM_006561163.3	4893	4474.92	53	0.880179
XM_026446388.1	2472	2053.92	303	10.9633
XM_026446390.1	5072	4653.92	278	4.43922
XM_001122316.5	1797	1378.92	43	2.31745
XM_006568799.3	1416	997.92	108	8.04282
XM_016918024.2	883	477.657	78	12.1355
XM_026446394.1	10106	9687.92	404	3.09907
XM_394822.7	5208	4789.92	214	3.32021
XM_006561080.3	4117	3698.92	115	2.31049
XM_003249771.4	2832	2413.92	10	0.307863
XR_001702240.2	2727	2308.92	0	0
XR_001702184.2	1681	1262.92	0	0
XM_006568993.3	1527	1108.92	236	15.8158
XM_026446398.1	6937	6518.92	64	0.7296
XM_026446403.1	2426	2007.92	240	8.88271
XM_026446404.1	2334	1915.92	16	0.620616
XM_006569014.3	7233	6814.92	309	3.3696
XM_026446407.1	3598	3179.92	596	13.9287
XR_003306553.1	221	62.5786	2	2.37511
XM_006568904.3	1926	1507.92	41	2.02063
XM_016910900.2	1506	1087.92	772	52.7352
XM_006568909.3	1638	1219.92	0	0
XR_003306554.1	532	211.33	0	0
XR_003306555.1	1213	794.92	2	0.186976
XM_392769.7	3870	3451.92	383	8.24553
XM_006565923.3	807	413.691	1257	225.808
XM_395607.7	7010	6591.92	597	6.73043
XM_006559112.3	1713	1294.92	277	15.8971
XM_026446414.1	7995	7576.92	131	1.28487
XM_016910699.2	3805	3386.92	143.709	3.15326
XM_624300.5	3618	3199.92	241	5.59704
XM_392223.7	1201	782.92	224	21.2623
XM_016910696.2	2163	1744.92	2	0.0851795
XR_001702090.2	837	438.384	99	16.7826
XM_001121344.5	3435	3016.92	7	0.172431
XM_003251149.4	2080	1661.92	7	0.313017
XM_016918014.2	754	373.491	0	0
XM_001120245.5	1039	620.92	779	93.2357
XM_003251145.4	4696	4277.92	398	6.91402
XM_006568899.3	5067	4648.92	67.0009	1.07105
XM_001120073.5	757	375.677	5059	1000.76
XR_001702228.2	1649	1230.92	18	1.08673
XM_006568767.3	5030	4611.92	48	0.773464
XM_001121251.5	1781	1362.92	365	19.9023
XM_016910911.2	8676	8257.92	108	0.971927
XM_006563744.3	2036	1617.92	42	1.92918
XM_016910921.2	4066	3647.92	45	0.916743
XM_394372.7	2344	1925.92	146	5.63372
XM_006561086.3	2133	1714.92	18	0.780026
XM_394373.5	1270	851.92	156	13.6084
XM_026446438.1	610	265.697	89	24.8934
XM_397392.7	6713	6294.92	11	0.129862
XM_395591.6	761	378.417	268	52.6313
XM_003251235.4	6782	6363.92	83	0.969246
XM_026446439.1	1195	776.92	1448	138.507
XM_006568877.2	975	558.72	18.0525	2.40118
XM_006561136.3	12444	12025.9	481	2.9724
XM_006559137.3	2007	1588.92	130	6.08025
XM_006559136.3	918	507.94	2767	404.835
XM_396212.4	871	467.258	121	19.2446
XM_624379.6	4670	4251.92	68	1.18851
XM_395792.7	3676	3257.92	280	6.38702
XM_006564719.3	1903	1484.92	117	5.85549
XM_006564722.3	3093	2674.92	26	0.722342
XM_006564727.3	1492	1073.92	6	0.415202
XM_001121217.5	586	248.052	90	26.9638
XM_026446451.1	3209	2790.92	64	1.70417
XM_624392.6	2212	1793.92	312	12.925
XM_006568786.3	2194	1775.92	1395	58.3756
XM_624417.5	1475	1056.92	55	3.86724
XM_006568780.3	9077	8658.92	44	0.377632
XM_392612.7	1702	1283.92	340	19.6798
XM_397515.7	3251	2832.92	129	3.38404
XM_001120626.4	2311	1892.92	893.761	35.0889
XM_006568778.2	2175	1756.92	1045	44.2023
XM_001120965.4	2491	2072.92	1278	45.8172
XM_003251222.4	1229	810.92	18	1.64959
XM_001121022.5	429	149.989	151	74.8168
XR_003306557.1	3709	3290.92	14	0.316149
XR_003306558.1	280	86.164	9	7.76242
XR_411270.3	6484	6065.92	4	0.0490054
XR_003306559.1	6707	6288.92	99.001	1.16989
XM_026446456.1	4620	4201.92	193	3.41342
XM_026446460.1	1296	877.92	86	7.27988
XM_026446461.1	3753	3334.92	462	10.2953
XM_006568722.3	3593	3174.92	1282	30.0079
XM_394275.7	3235	2816.92	39	1.02889
XM_001122118.5	4179	3760.92	12	0.23712
XM_392190.7	1442	1023.92	346	25.1125
XM_392192.6	4896	4477.92	2013	33.4078
XM_392194.7	2014	1595.92	851	39.6277
XM_394362.6	6587	6168.92	164	1.97567
XM_003250726.4	6509	6090.92	100	1.22011
XM_392251.7	2032	1613.92	465	21.4117
XR_003306560.1	2405	1986.92	2	0.0748049
XM_016917345.2	3768	3349.92	306	6.7884
XM_624792.6	1611	1192.92	0	0
XM_006572029.2	1373	954.92	1	0.077824
XM_006572028.3	1147	728.92	39	3.97617
XM_623196.5	4605	4186.92	547	9.70897
XM_001120244.5	1253	834.92	228	20.2941
XM_006565840.3	8586	8167.92	78	0.709682
XR_001702219.2	5039	4620.92	6.25946	0.100667
XR_003306561.1	6689	6270.92	12	0.14221
XM_016910861.2	2252	1833.92	128	5.18693
XM_016910863.2	880	475.17	5	0.78199
XM_395596.7	6460	6041.92	187	2.3001
XM_006568963.3	7411	6992.92	120.674	1.28243
XM_006568970.3	4062	3643.92	198	4.0381
XM_623058.6	4527	4108.92	295	5.3355
XM_623129.6	1763	1344.92	1210	66.8605
XR_411312.3	1207	788.92	16	1.50719
XM_006561176.3	6939	6520.92	564	6.42763
XM_026446474.1	14103	13684.9	52	0.282385
XM_623561.6	8253	7834.92	1737.25	16.4781
XM_006568764.3	1219	800.92	535	49.6415
XM_026446479.1	11065	10646.9	172	1.20056
XM_006568761.3	4133	3714.92	445	8.90207
XM_395197.7	3704	3285.92	245	5.54102
XM_392617.7	3156	2737.92	369	10.0158
XM_006572283.3	423	146.501	213	108.048
XM_001122332.5	754	373.491	756	150.426
XM_026446483.1	3368	2949.92	2	0.0503849
XM_392943.7	2760	2341.92	932	29.575
XM_001121250.5	1249	830.92	267	23.8799
XM_016918028.2	717	344.855	117	25.2133
XM_006561153.3	834	435.901	1819	310.117
XM_623131.6	1681	1262.92	1252	73.6731
XM_392244.7	1088	669.92	1732	192.135
XM_001121279.5	767	383.205	70	13.5752
XM_006559103.3	4845	4426.92	62	1.04081
XM_026446485.1	2262	1843.92	7	0.282122
XM_006568973.3	4180	3761.92	29	0.572887
XM_001120246.5	721	347.956	305	65.1413
XM_003251250.4	1151	732.92	727	73.7154
XM_001122434.5	518	202.37	121	44.4345
XM_026446489.1	2379	1960.92	820	31.0767
XM_001123067.5	1784	1365.92	285	15.506
XM_026446491.1	1690	1271.92	489	28.5713
XR_003306563.1	493	186.961	2	0.794985
XM_624291.6	779	391.305	120	22.7901
XM_001120755.5	4302	3883.92	214	4.09472
XR_003306564.1	3175	2756.92	0	0
XM_001122467.5	571	237.713	578	180.699
XM_006569050.3	3703	3284.92	91	2.05872
XM_001120007.5	1176	757.92	353	34.6124
XM_006568929.3	1525	1106.92	10	0.671373
XM_016910984.2	1607	1188.92	0	0
XM_623645.6	2198	1779.92	566	23.6318
XM_394361.5	2369	1950.92	0	0
XM_396656.7	3811	3392.92	713	15.617
XM_394331.7	1744	1325.92	182	10.2008
XM_394332.7	1322	903.92	375	30.8306
XM_394330.7	1299	880.92	729	61.4995
XM_006568971.3	3736	3317.92	4	0.0895931
XM_393610.7	6674	6255.92	1474	17.51
XM_006561115.3	4419	4000.92	103	1.91319
XM_003249777.4	2642	2223.92	178	5.94814
XM_006561112.3	2291	1872.92	147	5.83282
XM_624722.6	2348	1929.92	226.792	8.73311
XM_026446503.1	1663	1244.92	40	2.38781
XM_624796.6	1777	1358.92	304	16.6249
XM_006561123.3	1428	1009.92	424	31.2003
XM_006561111.3	1087	668.92	573	63.6592
XM_026446505.1	1444	1025.92	570	41.2897
XM_026446507.1	669	308.785	532.896	128.253
XM_006561122.3	635	283.496	636	166.721
XM_026446509.1	565	233.438	567	180.506
XM_006572009.3	4092	3673.92	689	13.937
XM_003251812.4	1174	755.92	230	22.6117
XR_003306565.1	537	214.551	0	0
XM_394347.7	2016	1597.92	53	2.46491
XM_001119831.5	3337	2918.92	8	0.20368
XM_394348.7	1153	734.92	168	16.9883
XM_006568740.3	13865	13446.9	813	4.49312
XM_392189.7	4874	4455.92	567	9.45641
XM_026446516.1	3725	3306.92	270	6.06765
XM_006568747.3	4712	4293.92	263	4.55179
XM_006568744.3	2722	2303.92	155	4.99971
XM_397226.7	2572	2153.92	166	5.72742
XM_394268.7	3438	3019.92	199.169	4.90126
XM_026438845.1	1175	756.92	3746	367.789
XR_001706533.2	964	548.719	58	7.85522
XR_411264.3	2278	1859.92	5	0.199782
XR_411263.3	719	346.384	0	0
XR_001706534.2	4248	3829.92	5	0.0970199
XM_026438846.1	715	343.329	2	0.432913
XM_026438847.1	2707	2288.92	648	21.039
XM_026438851.1	2095	1676.92	218	9.66106
XM_006557647.2	1240	821.92	103	9.31297
XM_394287.7	3858	3439.92	847	18.2985
XM_006568773.3	2482	2063.92	232	8.35364
XM_001120980.5	3520	3101.92	39	0.93436
XM_006568776.3	1117	698.92	1454	154.603
XM_001120955.5	402	136.986	77	41.773
XR_003304116.1	1252	833.92	13	1.15851
XM_623930.5	1889	1470.92	273	13.7929
XM_623955.6	2986	2567.92	79	2.28626
XM_003251219.4	2586	2167.92	464	15.9058
XM_016918149.2	1001	582.92	254	32.3821
XR_411267.3	322	107.191	4	2.7732
XM_016918150.2	1314	895.92	12	0.995388
XM_396511.7	3449	3030.92	176	4.31538
XM_006572198.3	430	150.544	548	270.519
XM_006572132.3	5664	5245.92	86	1.21831
XM_006568988.3	1000	581.92	2515	321.185
XM_006568986.3	1867	1448.92	50	2.56452
XM_623687.6	1173	754.92	670	65.956
XM_026438856.1	29713	29294.9	122	0.309491
XM_001121629.5	2223	1804.92	528	21.7398
XM_016910960.2	2931	2512.92	303	8.96075
XR_412302.3	334	112.86	27	17.7788
XM_394354.7	1207	788.92	4	0.376797
XM_006565914.3	901	493.313	993	149.592
XM_006565913.2	4649	4230.92	135	2.37126
XM_026438912.1	884	478.517	189	29.3525
XM_623646.6	1102	683.92	1363	148.105
XM_392195.6	4410	3991.92	423	7.87479
XM_026438915.1	5290	4871.92	338	5.15581
XR_408211.3	904	495.903	50	7.49296
XM_396598.7	2271	1852.92	3320	133.156
XR_003304119.1	1473	1054.92	7	0.493127
XM_001120520.5	845	444.983	2246	375.1
XM_026438935.1	969	553.249	835	112.162
XM_625163.6	1465	1046.92	548	38.8998
XM_003249393.4	1578	1159.92	308	19.7335
XM_006559098.3	14565	14146.9	129.823	0.681978
XM_003249400.4	9679	9260.92	169	1.35617
XR_408210.3	1801	1382.92	145	7.79204
XM_623167.6	2928	2509.92	552	16.344
XM_624561.6	2472	2053.92	2762	99.9357
XM_623805.5	2222	1803.92	71	2.92497
XM_623902.5	2122	1703.92	5742	250.435
XM_006561172.3	565	233.438	728	231.761
XM_026438940.1	2936	2517.92	1663	49.083
XM_395476.5	1852	1433.92	67	3.4724
XM_395474.6	2038	1619.92	496	22.7546
XM_395475.6	1288	869.92	841	71.8451
XM_001120954.5	1442	1023.92	0	0
XM_006568717.3	3560	3141.92	16	0.378447
XM_016918107.2	4808	4389.92	1799.98	30.4713
XM_026438943.1	3103	2684.92	2	0.0553578
XM_001122210.4	3714	3295.92	42	0.947007
XM_016918105.2	1247	828.92	70	6.27575
XM_396406.7	2704	2285.92	23	0.747734
XR_407544.3	883	477.657	112	17.4254
XR_407540.3	831	433.416	30	5.14395
XR_003304121.1	1719	1300.92	8.06319	0.460613
XM_001119884.5	1036	617.92	3488	419.493
XM_003249640.4	644	290.379	516	132.058
XM_006572123.3	1354	935.92	528	41.9252
XR_003304147.1	613	267.942	0	0
XM_393615.7	2224	1805.92	189	7.77757
XM_393488.7	2173	1754.92	134	5.6745
XM_003251155.4	2708	2289.92	7	0.227174
XM_006568211.3	1070	651.92	46	5.24377
XM_003251156.4	1317	898.92	10	0.826722
XM_003249756.4	1827	1408.92	0	0
XM_026438945.1	5483	5064.92	109	1.59932
XR_003304149.1	141	25.6806	0	0
XM_006565906.3	1587	1168.92	13	0.826493
XM_006565907.3	1314	895.92	11	0.912439
XM_016918048.2	1572	1153.92	0	0
XM_006568910.3	7364	6945.92	250.195	2.67689
XM_003251245.4	7021	6602.92	378.384	4.2587
XM_026438947.1	2501	2082.92	1598	57.0144
XR_001702095.2	1774	1355.92	0	0
XM_394823.7	2863	2444.92	415	12.6143
XM_003250690.4	2200	1781.92	0	0
XM_003250728.4	2324	1905.92	3	0.116976
XM_006565836.3	1625	1206.92	256	15.7631
XM_016918059.2	1883	1464.92	0	0
XM_006559127.3	1094	675.92	507	55.7434
XM_026438950.1	2210	1791.92	16	0.663562
XM_026438959.1	608	264.21	21	5.90677
XM_026438960.1	3264	2845.92	0	0
XM_006568176.3	1927	1508.92	25	1.23127
XM_392222.7	1622	1203.92	1045	64.5058
XM_395961.7	2971	2552.92	115	3.34766
XM_026438964.1	2938	2519.92	360	10.6169
XM_392760.7	870	466.438	4355	693.865
XR_003304150.1	512	198.465	15	5.61677
XR_003304151.1	417	143.505	1	0.517863
XM_394342.7	3272	2853.92	300	7.81196
XM_003251771.4	3775	3356.92	73	1.61608
XM_006558101.3	5139	4720.92	1990	31.3261
XM_003249398.4	3209	2790.92	139	3.70124
XM_397308.7	1613	1194.92	2462	153.119
XM_006569001.3	3058	2639.92	83	2.33651
XM_026438966.1	5443	5024.92	363.027	5.36897
XM_394320.7	1452	1033.92	660	47.4392
XM_623130.6	2596	2177.92	342	11.6698
XM_001121363.5	2717	2298.92	557	18.0058
XM_003251837.4	3228	2809.92	94	2.48608
XM_006568175.3	922	511.546	39	5.66579
XR_411131.3	7395	6976.92	256825	2735.61
XM_006572017.3	3463	3044.92	304	7.41956
XM_016917342.2	884	478.517	1061	164.778
XM_001120556.5	3201	2782.92	1580	42.1926
XM_006568752.3	1629	1210.92	785	48.1764
XM_016910733.2	8153	7734.92	5767	55.4083
XR_408204.3	1058	639.92	2	0.232266
XM_026438973.1	1621	1202.92	0	0
XM_006559088.3	1212	793.92	567	53.0746
XR_003304155.1	1658	1239.92	22	1.31859
XR_001702262.2	761	378.417	28	5.49879
XM_026438974.1	405	138.378	1	0.537048
XM_001120413.5	869	465.546	420	67.0452
XM_006568999.3	4451	4032.92	70	1.28991
XM_026438976.1	3939	3520.92	93	1.96294
XM_006572032.3	1391	972.92	18	1.37491
XM_006560717.3	2304	1885.92	420	16.5503
XM_395844.7	3047	2628.92	282	7.97172
XM_006565844.3	4399	3980.92	77	1.43743
XM_006568758.3	2314	1895.92	777	30.4566
XM_395638.7	3362	2943.92	807	20.3717
XM_006565899.3	1562	1143.92	2	0.129932
XM_006565903.3	1608	1189.92	0	0
XM_006565901.3	1477	1058.92	2	0.140361
XM_006565895.3	1444	1025.92	7	0.507067
XM_026438979.1	1637	1218.92	1	0.0609685
XM_026438981.1	1512	1093.92	0	0
XR_001706504.2	528	208.736	0	0
XR_003304164.1	333	112.443	3	1.98276
XR_003304165.1	788	398.479	0	0
XM_003250732.4	3448	3029.92	147	3.60551
XM_016917438.2	3243	2824.92	300	7.89215
XM_026438983.1	5412	4993.92	518	7.70848
XM_397517.7	2688	2269.92	220	7.20265
XM_625122.5	2546	2127.92	85	2.96855
XR_411289.3	927	516.006	0	0
XM_001120674.5	2929	2510.92	296	8.76071
XM_625255.6	1095	676.92	1394	153.04
XM_003249776.4	4220	3801.92	46	0.899156
XM_394352.7	1576	1157.92	91	5.84041
XM_394351.7	1257	838.92	224	19.843
XM_001122558.5	841	441.614	325	54.6917
XM_026439002.1	2373	1954.92	256	9.73176
XM_001121513.5	2385	1966.92	928	35.0624
XM_006572131.3	1828	1409.92	220	11.596
XM_396796.6	3089	2670.92	103	2.86587
XM_003251147.4	8512	8093.92	3424.99	31.4471
XM_026439005.1	6939	6520.92	83	0.94591
XM_026439008.1	2152	1733.92	6	0.25716
XM_001120381.5	1189	770.92	21	2.02437
XM_392226.7	3506	3087.92	105	2.52699
XM_006568219.3	2384	1965.92	96	3.62899
XR_003304167.1	21483	21064.9	51	0.179925
XM_026439014.1	1379	960.92	25	1.93345
XM_006568819.3	1143	724.92	559	57.3063
XM_006564235.3	1957	1538.92	18	0.869234
XM_006564234.3	1656	1237.92	60	3.60196
XM_026439017.1	646	291.924	330	84.0087
XM_026439018.1	5842	5423.92	176	2.41146
XM_392248.7	2845	2426.92	229.102	7.01543
XM_006561089.3	5883	5464.92	4524.9	61.5326
XM_392247.7	790	400.166	847	157.298
XR_003304168.1	2267	1848.92	6	0.241165
XR_003304169.1	254	75.6095	0	0
XM_003251788.4	7040	6621.92	2329	26.1376
XM_006559124.3	3003	2584.92	387	11.1261
XM_396723.7	1582	1163.92	516	32.9463
XM_396724.7	1382	963.92	213	16.4217
XM_016910719.2	2314	1895.92	112	4.39014
XR_001702096.2	1615	1196.92	2	0.124178
XR_003304173.1	2054	1635.92	2	0.0908549
XR_003304174.1	481	179.553	0	0
XM_003249403.4	3752	3333.92	36	0.802468
XM_006561133.3	3912	3493.92	88	1.87176
XM_001122673.5	1535	1116.92	657	43.7143
XM_006565846.3	1339	920.92	893	72.0626
XM_026439029.1	3277	2858.92	1373	35.6902
XM_624719.6	2135	1716.92	197	8.52701
XM_026439031.1	2288	1869.92	214	8.50494
XM_003249397.4	3845	3426.92	9	0.195173
XR_411276.3	1724	1305.92	0	0
XM_003251218.4	2764	2345.92	256	8.10974
XM_006564701.3	669	308.785	0	0
XM_026439033.1	2114	1695.92	109	4.77641
XM_006568822.3	1146	727.92	248	25.3191
XM_026439034.1	1387	968.92	186	14.2661
XM_393287.7	1093	674.92	4187	461.032
XM_396795.6	2553	2134.92	92	3.20248
XM_026439036.1	811	416.845	0	0
XM_623761.6	4148	3729.92	349.971	6.97289
XM_624160.5	2345	1926.92	370	14.2698
XM_623387.6	1967	1548.92	106	5.08578
XM_026439037.1	1532	1113.92	169	11.2749
XM_001120194.5	878	473.444	8066	1266.11
XM_016910995.2	1204	785.92	0	0
XM_003250692.4	2974	2555.92	73	2.12254
XM_006564227.3	1730	1311.92	360	20.3927
XM_623060.6	1088	669.92	359	39.8246
XM_006564228.3	1488	1069.92	347	24.1023
XM_003250397.4	1455	1036.92	246	17.6307
XM_016918129.2	2081	1662.92	18	0.804418
XM_001122401.5	2256	1837.92	283	11.443
XM_001120910.5	3086	2667.92	75	2.08915
XM_006568751.3	1419	1000.92	837	62.145
XM_026439041.1	2242	1823.92	0	0
XR_001702234.2	719	346.384	0	0
XM_001122616.5	1575	1156.92	155	9.95655
XM_395471.6	2842	2423.92	68	2.08483
XM_396233.7	2771	2352.92	44	1.38972
XM_026439043.1	1251	832.92	0	0
XM_006561157.3	1728	1309.92	1	0.056733
XM_026439044.1	927	516.006	0	0
XR_003304176.1	7043	6624.92	0	0
XM_392217.7	16695	16276.9	1726	7.88041
XM_396581.7	5199	4780.92	16	0.248708
XM_003251269.4	9354	8935.92	63	0.52394
XM_392218.7	2086	1667.92	247	11.0053
XM_026439048.1	3539	3120.92	0	0
XM_001121566.5	1415	996.92	100	7.45453
XM_623404.6	1657	1238.92	934	56.0253
XM_026439049.1	1467	1048.92	0	0
XM_026439052.1	1621	1202.92	0	0
XM_026439056.1	1450	1031.92	0	0
XM_026439057.1	1623	1204.92	0	0
XR_120666.4	1313	894.92	5	0.415208
XM_001122533.5	1916	1497.92	64	3.17521
XM_394353.7	1308	889.92	713	59.5414
XM_026439058.1	2581	2162.92	143	4.91333
XM_006557650.3	1091	672.92	0	0
XM_006557648.3	970	554.138	3109	416.949
XM_006557651.3	844	444.086	12	2.00814
XM_016910789.2	1190	771.92	172	16.5591
XM_396134.7	1540	1121.92	1493	98.8959
XM_001122519.5	2708	2289.92	13	0.421894
XM_394328.7	8060	7641.92	820	7.97429
XM_016918135.2	5420	5001.92	76	1.12916
XM_001119981.5	1804	1385.92	7590	406.99
XR_003304179.1	3072	2653.92	28	0.784062
XM_623059.6	2145	1726.92	2091	89.9834
XM_623667.6	1655	1236.92	1281	76.9641
XM_003249641.4	1274	855.92	2013	174.78
XM_396164.7	2398	1979.92	144	5.40499
XM_016917439.2	1466	1047.92	219	15.5309
XM_393072.7	1377	958.92	183	14.1824
XM_392759.7	1781	1362.92	805	43.8941
XM_001120540.5	1291	872.92	109	9.27967
XM_001120497.5	705	335.515	84	18.6058
XM_392996.7	980	563.467	1026	135.319
XM_395542.6	1405	986.92	629	47.3641
XM_016910952.2	1332	913.92	353	28.7043
XM_624484.5	763	380.054	2350	459.519
XM_397372.7	1260	841.92	905	79.8837
XM_006559139.3	1122	703.92	17	1.79476
XM_026439064.1	1690	1271.92	127	7.42035
XM_026439066.1	11351	10932.9	82	0.557389
XM_001123009.5	621	273.823	449	121.859
XR_003304181.1	785	395.985	2	0.375346
XM_392238.7	1324	905.92	277	22.7232
XR_003304184.1	451	161.821	0	0
XM_001120006.5	968	552.339	136	18.2984
XM_026439067.1	2175	1756.92	76.4295	3.23288
XM_003251239.4	2893	2474.92	0	0
XM_396637.7	1465	1046.92	692	49.1217
XM_001121596.5	1153	734.92	498	50.3581
XM_003251240.4	1995	1576.92	60	2.82763
XR_001702281.2	4535	4116.92	9	0.162462
XM_006565874.3	2572	2153.92	269	9.28118
XM_006572117.3	1791	1372.92	0	0
XM_003251850.4	4129	3710.92	1	0.0200262
XM_395972.7	2304	1885.92	137	5.39856
XM_026439070.1	2434	2015.92	997	36.7538
XM_006557645.3	680	316.494	618	145.112
XM_026439071.1	1530	1111.92	374	24.9965
XM_395496.7	1243	824.92	191	17.2069
XM_394359.6	1022	603.92	618	76.0483
XM_006565920.3	1110	691.92	315	33.8326
XM_006572282.3	865	461.969	33	5.30862
XM_006568834.3	9988	9569.92	164.869	1.2803
XM_026439079.1	5418	4999.92	737	10.9543
XM_026439093.1	4603	4184.92	105	1.86459
XM_026439095.1	9173	8754.92	322.356	2.7363
XM_395231.6	3427	3008.92	191	4.7174
XM_006568835.3	1620	1201.92	3.13136	0.193615
XR_411286.3	480	178.984	64	26.5734
XR_001702082.2	3044	2625.92	0	0
XM_016911019.2	495	188.119	6658	2630.21
XM_001121567.5	1577	1158.92	0	0
XM_026439101.1	794	403.267	0	0
XM_006568878.3	1079	660.92	1529	171.925
XR_001702285.2	470	172.953	1069	459.335
XM_003251266.4	6890	6471.92	0	0
XM_026439105.1	2348	1929.92	30	1.15521
XM_026439106.1	2003	1584.92	4	0.187557
XM_001121718.5	1289	870.92	213	18.1753
XM_026439110.1	1681	1262.92	102	6.00212
XR_003304186.1	620	273.062	0	0
XM_624023.5	1576	1157.92	17	1.09107
XM_624159.5	3767	3348.92	117	2.59634
XR_410400.3	5858	5439.92	43	0.58743
XM_026439113.1	2477	2058.92	34	1.22721
XR_003304189.1	672	310.978	1	0.238974
XM_016918056.2	3172	2753.92	19	0.512723
XR_001706524.2	718	345.644	5521	1187.05
XR_001706525.2	4449	4030.92	255.354	4.70782
XR_003304193.1	8219	7800.92	231	2.20063
XR_411320.3	1816	1397.92	1723.35	91.616
XM_026439116.1	7441	7022.92	281	2.97351
XM_016918031.2	2399	1980.92	0	0
XM_026439118.1	1886	1467.92	54	2.73383
XM_001121864.5	1636	1217.92	22	1.34241
XM_003250709.4	1681	1262.92	0	0
XM_006565880.3	1420	1001.92	0	0
XM_006565878.3	1734	1315.92	0	0
XM_003250721.4	1647	1228.92	0	0
XM_026439122.1	1588	1169.92	8	0.508176
XM_001121659.5	1699	1280.92	0	0
XM_006565885.3	1662	1243.92	0	0
XM_003250678.4	1418	999.92	68	5.05387
XM_003250706.4	1665	1246.92	2	0.119199
XM_003250703.4	1867	1448.92	0	0
XM_006565890.3	1595	1176.92	0	0
XM_003250702.4	1739	1320.92	0	0
XM_016918050.2	1800	1381.92	0	0
XM_026439127.1	1829	1410.92	1	0.0526718
XM_006565882.3	1576	1157.92	0	0
XM_003250719.4	1198	779.92	6	0.571718
XM_001121043.5	1011	592.92	0	0
XR_003304194.1	1983	1564.92	2	0.094977
XR_003304197.1	1008	589.92	0	0
XR_410389.3	2535	2116.92	2	0.0702111
XR_003304201.1	914	504.466	32	4.7141
XR_410394.3	436	153.638	0	0
XR_003304202.1	337	114.345	0	0
XR_001706514.2	377	122.761	0	0
XM_006568948.3	6079	5660.92	42	0.551369
XM_003251248.4	3028	2609.92	8	0.227794
XM_006568960.3	3137	2718.92	259	7.07919
XM_003251267.4	2041	1622.92	0	0
XM_006568957.3	2629	2210.92	12	0.403356
XM_003251228.4	1065	646.92	26	2.98678
XR_003304204.1	578	242.434	1	0.30654
XM_026439139.1	574	239.741	1702	527.59
XM_003251769.4	1021	602.92	0	0
XM_026439142.1	3428	3009.92	4	0.098761
XM_026439143.1	1230	811.92	0	0
XM_392567.7	6504	6085.92	1115.94	13.6268
XM_392566.7	1856	1437.92	135	6.97717
XM_006561129.3	817	421.61	3247	572.337
XM_026439145.1	6497	6078.92	12	0.146702
XM_003249103.4	2275	1856.92	0	0
XM_016911024.2	4382	3963.92	3	0.0562441
XM_026439149.1	606	262.694	0	0
XM_026439150.1	2211	1792.92	619	25.6573
XM_026439151.1	2182	1763.92	0	0
XM_026439152.1	1810	1391.92	1906	101.763
XM_026439153.1	1329	910.92	0	0
XM_026439154.1	7086	6667.92	412.104	4.593
XM_026439156.1	3156	2737.92	292	7.92579
XM_026439157.1	2776	2357.92	0	0
XM_016910811.2	4125	3706.92	110.642	2.21813
XM_624480.6	3062	2643.92	48	1.34919
XM_006569056.3	2666	2247.92	6	0.198359
XM_026439160.1	1292	873.92	212.358	18.0583
XM_006569055.3	712	340.987	0	0
XM_016910785.2	5650	5231.92	9	0.127839
XM_006568867.3	2703	2284.92	1	0.0325244
XM_392210.7	1911	1492.92	297	14.7843
XR_001702159.2	1636	1217.92	0	0
XM_006557646.3	2137	1718.92	0	0
XM_026439164.1	1644	1225.92	0	0
XM_624453.6	3149	2730.92	2382	64.8206
XM_026439169.1	1694	1275.92	3	0.174734
XM_026439171.1	1421	1002.92	1	0.0740993
XM_006565884.3	1359	940.92	9	0.710837
XM_006558338.3	938	525.387	0	0
XM_026439172.1	1447	1028.92	0	0
XM_016918016.2	3161	2742.92	29	0.785715
XM_016918017.2	2015	1596.92	4	0.186148
XM_026439174.1	1603	1184.92	2	0.125436
XM_016918022.2	3418	2999.92	70	1.73408
XM_026439175.1	2153	1734.92	233	9.98061
XM_026439176.1	4355	3936.92	601	11.3448
XM_026439178.1	4656	4237.92	185	3.24414
XM_026439179.1	3816	3397.92	6	0.131226
XM_006569083.3	2235	1816.92	623	25.482
XM_016918136.2	2900	2481.92	156	4.67108
XM_016918139.2	1217	798.92	8	0.744161
XM_394326.6	2038	1619.92	3	0.137628
XR_003304205.1	430	150.544	0	0
XM_026439184.1	1972	1553.92	5.52396	0.264181
XM_001122641.5	4448	4029.92	1851	34.1343
XM_026439191.1	4824	4405.92	41	0.691556
XM_006557621.3	5834	5415.92	154	2.11314
XM_026439195.1	3548	3129.92	54	1.28216
XR_119732.4	642	288.849	1	0.257282
XR_003304206.1	2201	1782.92	61	2.5426
XR_003304207.1	3876	3457.92	12	0.257897
XR_003304208.1	2056	1637.92	9	0.408348
XR_003304209.1	970	554.138	2	0.268221
XR_001702146.2	6135	5716.92	2	0.0259985
XM_026439196.1	5512	5093.92	7	0.102124
XM_392246.7	2201	1782.92	849	35.388
XM_006561097.3	1470	1051.92	120	8.47772
XM_001122051.5	1017	598.92	606	75.1942
XM_394370.5	925	514.247	2	0.289027
XM_623517.6	5043	4624.92	242	3.88858
XM_001121986.5	1285	866.92	3194	273.802
XM_026439208.1	336	113.931	51.1638	33.3734
XM_006568978.3	3443	3024.92	124	3.04641
XM_026439209.1	2916	2497.92	14	0.416514
XR_001706543.2	1248	829.92	0	0
XM_026439212.1	6064	5645.92	3203	42.1602
XM_006568813.3	1356	937.92	3139	248.717
XM_395776.5	988	570.863	402	52.3329
XR_001702160.2	1532	1113.92	131	8.73972
XM_016910684.2	2844	2425.92	222	6.80075
XM_006565868.3	4842	4423.92	1193	20.0407
XR_001702084.2	2523	2104.92	118	4.16607
XM_006568933.3	1444	1025.92	13	0.941695
XM_006568935.3	2178	1759.92	865	36.5261
XM_006568938.3	3688	3269.92	1186.02	26.9548
XM_006572386.3	1208	789.92	17	1.59936
XM_624588.6	1335	916.92	294	23.8285
XM_026439225.1	731	355.752	1	0.208897
XM_006568824.3	5454	5035.92	693	10.2267
XM_392758.7	1350	931.92	2058	164.115
XM_026439227.1	4361	3942.92	54	1.01779
XM_026439228.1	2295	1876.92	67	2.65283
XM_003249180.4	6430	6011.92	418	5.16706
XR_412383.3	724	350.317	62	13.1526
XM_026439235.1	9967	9548.92	24.0035	0.186811
XM_001121453.5	7540	7121.92	237.133	2.47443
XM_003249760.4	1963	1544.92	117	5.62808
XR_003304215.1	5230	4811.92	0	0
XM_396658.6	4292	3873.92	120	2.30203
XR_003304216.1	5081	4662.92	310	4.94065
XR_001702192.2	451	161.821	1	0.459247
XM_006565861.3	5074	4655.92	137	2.18673
XM_006565927.3	6885	6466.92	215.953	2.48166
XM_006565866.3	633	281.967	31	8.17042
XR_001702245.2	4572	4153.92	1	0.0178905
XM_006568166.3	13365	12946.9	193.037	1.10804
XM_006568158.3	2461	2042.92	40	1.45509
XM_001120476.5	907	498.574	500	74.5282
XM_623872.5	1145	726.92	4219	431.324
XM_006569096.3	6269	5850.92	1460	18.5442
XM_006568151.3	1744	1325.92	326	18.2718
XM_006568152.3	1713	1294.92	291	16.7005
XM_392230.7	5030	4611.92	318	5.1242
XM_392231.7	1186	767.92	4445	430.166
XM_397519.7	1182	763.92	3029	294.667
XM_001122514.5	1495	1076.92	1004	69.2836
XM_001122505.5	1671	1252.92	85	5.04169
XM_016910797.2	4800	4381.92	711	12.0583
XM_006568205.3	1726	1307.92	143	8.12522
XM_016910794.2	2313	1894.92	32	1.25499
XM_006568197.3	4139	3720.92	24	0.479337
XM_003251153.4	1621	1202.92	34	2.1005
XM_026439263.1	1224	805.92	0	0
XM_016918120.2	5324	4905.92	2.00256	0.030335
XM_394280.6	3061	2642.92	89	2.50257
XM_623057.6	2432	2013.92	392	14.4652
XM_006568700.3	2221	1802.92	238	9.81027
XM_006563747.3	6041	5622.92	497.392	6.57382
XR_001702200.2	7601	7182.92	2	0.0206923
XR_003304217.1	6500	6081.92	1	0.0122191
XR_409756.3	15839	15420.9	2	0.00963829
XM_392202.7	8440	8021.92	194.35	1.80047
XM_394292.7	2158	1739.92	236	10.0801
XM_016918098.2	2783	2364.92	1115	35.038
XM_003251238.4	2377	1958.92	37	1.40367
XM_001121218.5	1349	930.92	592	47.2596
XR_001706548.2	3205	2786.92	3	0.0799976
XM_006564718.3	10905	10486.9	479.624	3.39886
XR_003304218.1	590	250.902	0	0
XM_624375.5	1168	749.92	162	16.0539
XM_396155.7	2763	2344.92	235	7.44767
XM_001120754.5	1569	1150.92	317	20.4689
XM_001120710.4	2590	2171.92	602	20.5984
XM_624400.6	3482	3063.92	222	5.38463
XM_393616.7	4271	3852.92	300.29	5.79204
XM_001122052.5	1076	657.92	1091	123.234
XM_006569003.3	6964	6545.92	986	11.194
XM_003251251.4	1249	830.92	1093	97.7555
XM_006568844.3	14575	14156.9	3967	20.8245
XM_016918132.2	3036	2617.92	13	0.369035
XM_392214.7	2791	2372.92	1522	47.6664
XM_394313.7	662	303.816	450	110.073
XR_411293.3	3173	2754.92	11	0.296732
XR_001706550.2	1475	1056.92	4	0.281254
XM_394314.7	3108	2689.92	737	20.3614
XR_411291.3	4080	3661.92	1	0.0202942
XM_003250464.4	4562	4143.92	3407	61.1
XM_001120911.5	2725	2306.92	97	3.12478
XM_392237.7	2319	1900.92	124	4.84773
XM_003250463.4	1429	1010.92	10	0.735129
XM_006568794.3	6392	5973.92	264	3.28416
XM_392611.7	3502	3083.92	1415	34.0984
XM_016910879.2	7817	7398.92	184	1.84812
XM_392212.7	1174	755.92	12416	1220.64
XM_006558762.3	5024	4605.92	271	4.37254
XM_026439304.1	8491	8072.92	3935.48	36.2283
XM_395337.7	1179	760.92	2303	224.924
XM_393285.7	4298	3879.92	2443	46.793
XM_016910676.2	1562	1143.92	0	0
XM_026439305.1	1508	1089.92	1	0.0681845
XR_411275.3	999	580.92	1614	206.475
XM_392675.6	3290	2871.92	134	3.46747
XM_006568805.2	1986	1567.92	52	2.46468
XM_392863.7	2559	2140.92	435	15.0997
XM_392862.7	4192	3773.92	113	2.22519
XR_408734.3	923	512.429	0	0
XM_006569213.3	8245	7826.92	662	6.28561
XM_016911068.2	4085	3666.92	1.13814	0.023066
XM_026439362.1	5059	4640.92	8	0.128105
XR_001702450.2	2753	2334.92	11	0.350107
XM_006557253.3	2476	2057.92	1275	46.0428
XM_397465.7	6544	6125.92	1743	21.1449
XM_006559715.3	2565	2146.92	9	0.311535
XM_003249154.4	1640	1221.92	233	14.1708
XM_006558009.3	995	577.282	99	12.7446
XR_003304223.1	2317	1898.92	16	0.626172
XR_003304229.1	7977	7558.92	36	0.353935
XM_396161.7	1260	841.92	1726	152.353
XM_006558004.3	764	380.879	177	34.5356
XM_016911425.2	1902	1483.92	129	6.4604
XM_001120712.5	2930	2511.92	213	6.30165
XR_001702542.2	817	421.61	3	0.528799
XM_395577.7	4927	4508.92	126	2.07672
XM_001121186.5	1100	681.92	107	11.6609
XM_026439371.1	9462	9043.92	133	1.09289
XM_026439375.1	1096	677.92	551	60.4023
XM_392257.7	7529	7110.92	5199	54.3343
XM_026439376.1	1758	1339.92	0	0
XM_624895.6	4765	4346.92	223	3.81245
XM_624886.6	3329	2910.92	23	0.587189
XM_624915.5	788	398.479	1837	342.598
XM_001120164.5	755	374.288	415	82.3992
XM_394433.7	3083	2664.92	16	0.446186
XM_016911411.2	1125	706.92	775	81.4727
XR_001702526.2	4386	3967.92	465	8.70904
XM_006568453.3	5713	5294.92	807	11.3265
XR_003304241.1	2187	1768.92	1	0.0420119
XR_411210.3	2883	2464.92	20	0.602986
XM_624062.6	5519	5100.92	1369	19.9451
XM_624654.5	2620	2201.92	835	28.1816
XM_006564006.3	5462	5043.92	235	3.46242
XM_006563929.3	4070	3651.92	464	9.44229
XM_003251299.4	6656	6237.92	54	0.643331
XR_001702559.2	1440	1021.92	25	1.81804
XM_006563969.2	3015	2596.92	592	16.9412
XM_623647.6	1506	1087.92	504	34.4282
XM_016911516.2	1126	707.92	971	101.933
XM_001120956.5	708	337.902	322	70.8182
XM_026439382.1	1052	633.92	765	89.6824
XM_001120957.5	4781	4362.92	129	2.19732
XM_394391.7	1879	1460.92	97.7385	4.97187
XM_624212.6	1556	1137.92	154	10.0575
XM_003250886.4	7751	7332.92	257	2.60457
XM_394382.6	2540	2121.92	433	15.1649
XM_016911134.2	4863	4444.92	154	2.57476
XM_394434.7	4510	4091.92	3007	54.6118
XM_001121809.5	847	446.694	616	102.483
XM_394429.7	4156	3737.92	543	10.7957
XM_623439.5	2371	1952.92	303	11.5302
XM_623481.5	1450	1031.92	152	10.9466
XM_003249252.4	632	281.298	4044	1068.38
XM_624331.6	1754	1335.92	496	27.5919
XM_006569202.3	3655	3236.92	93	2.13516
XM_026439391.1	1250	831.92	415	37.0721
XM_026439392.1	1566	1147.92	1	0.0647394
XM_016911444.2	4184	3765.92	1100	21.7071
XM_006560868.3	1231	812.92	268	24.5001
XM_006563888.3	4337	3918.92	305	5.78381
XM_006563885.3	2473	2054.92	322	11.6451
XM_006568482.3	2409	1990.92	117	4.36729
XM_003251188.4	623	275.223	96	25.9219
XM_006568485.3	1879	1460.92	615	31.2845
XM_016911450.2	2206	1787.92	244	10.142
XR_001702568.2	2111	1692.92	16	0.702367
XR_003304245.1	1179	760.92	21	2.05098
XR_001702578.2	648	293.528	2	0.506361
XM_026439396.1	1269	850.92	16	1.39737
XM_026439397.1	1109	690.92	281	30.2245
XM_006563937.3	1453	1034.92	372	26.7126
XM_392656.7	2881	2462.92	2095	63.2141
XM_392655.7	970	554.138	11398	1528.59
XM_006557250.3	5642	5223.92	8.00086	0.113821
XM_006557237.3	3299	2880.92	501	12.9237
XM_393391.7	3202	2783.92	1935	51.6541
XM_016911129.2	3087	2668.92	29	0.807501
XM_026439402.1	736	359.586	0	0
XR_119705.4	761	378.417	17	3.33855
XM_392296.7	4025	3606.92	64	1.31863
XM_394446.7	5192	4773.92	377	5.86876
XM_623790.5	3138	2719.92	139	3.79786
XM_395921.7	4776	4357.92	127	2.16573
XM_003251110.4	5729	5310.92	251	3.51224
XR_003304248.1	1251	832.92	0	0
XM_001120184.5	1053	634.92	772	90.3605
XM_006559701.3	2843	2424.92	191	5.85351
XM_016911456.2	1894	1475.92	318	16.012
XM_624977.6	1608	1189.92	789	49.2765
XM_395623.7	862	459.389	428	69.2378
XM_624527.6	836	437.578	1024	173.91
XM_003251295.4	1611	1192.92	22	1.37054
XR_003304250.1	595	254.413	0	0
XR_003304251.1	1420	1001.92	0	0
XM_397268.6	6545	6126.92	238	2.88679
XM_006567946.3	1142	723.92	803	82.4338
XM_006557980.3	3492	3073.92	191	4.61765
XM_016917404.2	2770	2351.92	35	1.10593
XM_006572136.3	1876	1457.92	550	28.0356
XM_026439408.1	1846	1427.92	0	0
XM_396380.7	1554	1135.92	290	18.9728
XM_395373.6	3511	3092.92	944	22.6821
XM_016911396.2	7229	6810.92	3	0.0327338
XM_016911095.2	5885	5466.92	270	3.6703
XM_006560913.3	2003	1584.92	153	7.17405
XM_006560921.3	781	392.819	220	41.6208
XR_408908.3	1258	839.92	0	0
XR_001702525.2	1127	708.92	0	0
XR_408913.3	4089	3670.92	6	0.121467
XM_026439414.1	2180	1761.92	1	0.0421788
XM_026439415.1	4050	3631.92	16	0.327389
XM_394424.6	4237	3818.92	37	0.720015
XM_394423.7	3041	2622.92	56	1.58666
XM_003249713.4	822	425.901	9	1.57042
XM_001120757.5	7619	7200.92	27	0.278648
XM_623729.6	4433	4014.92	542	10.0324
XM_006564003.3	4677	4258.92	60	1.04697
XM_006564005.2	2540	2121.92	938	32.8514
XR_001702589.2	1440	1021.92	0	0
XM_001120820.5	569	236.317	1220.95	383.958
XM_026439419.1	554	225.754	5	1.64594
XM_026439420.1	16046	15627.9	4580.18	21.7802
XM_026439425.1	3185	2766.92	113.513	3.0488
XM_006568467.3	2301	1882.92	139	5.4861
XM_006568468.3	1238	819.92	1464	132.694
XM_026439429.1	444	157.812	8.41268	3.96165
XR_003304254.1	2691	2272.92	441.436	14.4332
XR_001702342.2	2348	1929.92	0	0
XR_003304255.1	1621	1202.92	5	0.308897
XM_624973.5	630	279.93	738	195.924
XM_006568419.3	6687	6268.92	62.9966	0.746801
XM_016911090.2	4190	3771.92	76.0034	1.49745
XM_623062.6	4427	4008.92	213	3.9485
XM_026439432.1	1737	1318.92	864.402	48.7055
XM_016911077.2	2793	2374.92	303	9.48143
XM_006568434.3	775	389.621	1	0.190738
XM_026439435.1	687	321.359	1	0.231254
XR_001702306.2	3352	2933.92	30	0.759895
XR_411193.3	1155	736.92	2	0.201693
XR_003304261.1	579	243.124	3	0.91701
XR_001702314.2	260	78.2071	1	0.950242
XR_411190.3	594	253.673	0	0
XM_006560958.2	5628	5209.92	1176.65	16.784
XM_392284.7	1632	1213.92	624	38.201
XM_396930.7	803	410.57	2340	423.554
XM_006568477.3	3520	3101.92	264	6.3249
XM_001120885.5	1249	830.92	862	77.0954
XM_001122840.5	819	423.384	341	59.855
XM_026439440.1	3798	3379.92	10	0.219874
XM_394435.7	3418	2999.92	50	1.23863
XM_026439443.1	825	428.41	516	89.5098
XM_026439444.1	537	214.551	54	18.7044
XR_408925.3	2137	1718.92	2	0.0864679
XR_003304264.1	823	426.728	2	0.348304
XM_001121745.5	3751	3332.92	583	12.9994
XM_396758.7	1248	829.92	232	20.7746
XM_006560933.3	5750	5331.92	500	6.96894
XM_006560925.3	4151	3732.92	2287	45.53
XM_016911073.2	470	172.953	184	79.0623
XM_006566778.3	3112	2693.92	179	4.93797
XM_006569207.3	3815	3396.92	2.00012	0.0437573
XM_394389.7	3707	3288.92	2.01049	0.0454286
XR_001702430.2	4216	3797.92	8	0.15654
XM_003249734.4	4159	3740.92	23	0.456909
XM_623762.6	1127	708.92	123	12.894
XM_006560894.3	1314	895.92	93	7.71426
XM_006560876.3	5819	5400.92	83	1.14206
XM_006560482.3	567	234.92	9	2.8471
XM_394886.6	2643	2224.92	227	7.58214
XR_003304268.1	1060	641.92	0	0
XM_001122586.5	1938	1519.92	120	5.86734
XM_624862.6	1861	1442.92	275	14.1635
XM_001122573.5	1078	659.92	1230	138.514
XM_395877.5	774	388.788	441	84.2958
XM_006560492.3	5528	5109.92	0	0
XM_006560497.3	5327	4908.92	28	0.423889
XM_016911368.2	3932	3513.92	1518	32.1041
XM_026439466.1	3584	3165.92	363	8.52093
XM_006560495.3	2356	1937.92	9	0.345133
XM_393581.7	1033	614.92	885	106.956
XR_001702522.2	1801	1382.92	1	0.0537382
XM_026439470.1	6593	6174.92	33	0.397158
XM_393201.7	5139	4720.92	225	3.5419
XM_006567992.3	9740	9321.92	637	5.07825
XM_001120165.5	7146	6727.92	296	3.26958
XM_026439484.1	3159	2740.92	7	0.189794
XM_396375.7	1831	1412.92	420	22.0908
XM_396374.6	1412	993.92	16	1.19632
XR_411184.3	2041	1622.92	33	1.51111
XM_026439498.1	3012	2593.92	11	0.315149
XM_003249150.4	1538	1119.92	191	12.6744
XM_006557967.3	1644	1225.92	70	4.24342
XR_003304270.1	1409	990.92	12	0.89996
XR_003304271.1	1755	1336.92	0	0
XM_396540.7	2793	2374.92	2596	81.2337
XR_407843.3	571	237.713	8	2.50102
XM_396833.7	4777	4358.92	134	2.28458
XM_394445.7	2342	1923.92	166	6.41212
XM_623612.6	1168	749.92	178	17.6395
XR_003304272.1	2607	2188.92	6	0.203705
XM_016911483.2	2362	1943.92	420	16.0565
XM_006563879.3	6708	6289.92	6	0.0708903
XM_006569841.3	1541	1122.92	511	33.8184
XM_003251395.4	899	491.501	10	1.51202
XM_394400.6	3944	3525.92	614	12.9413
XM_396430.5	1590	1171.92	408	25.8728
XM_624610.6	1451	1032.92	2334	167.925
XM_001120105.4	2519	2100.92	47.744	1.68885
XM_016911474.2	1307	888.92	87	7.27339
XM_006563979.3	1430	1011.92	0	0
XM_006563981.3	2747	2328.92	288	9.19006
XM_016911475.2	829	431.804	33	5.67946
XR_003304278.1	856	454.414	4	0.654168
XM_397432.6	754	373.491	890	177.088
XM_016911487.2	2901	2482.92	17	0.508823
XM_395400.7	1852	1433.92	61	3.16144
XR_003304279.1	624	275.954	0	0
XM_006569844.3	2652	2233.92	386	12.841
XM_006563914.3	3728	3309.92	249	5.59065
XM_026439508.1	1302	883.92	10	0.840751
XM_016917523.2	2322	1903.92	592	23.1075
XM_394426.7	3814	3395.92	292	6.39007
XR_001702582.2	413	142.365	0	0
XM_006560898.3	393	131.781	181	102.072
XM_026439513.1	2937	2518.92	267	7.8773
XM_397385.6	1534	1115.92	12	0.799151
XM_026439517.1	1131	712.92	0	0
XM_006559764.3	3448	3029.92	132	3.2376
XM_624330.5	1099	680.92	190	20.7366
XM_001120679.5	2352	1933.92	18	0.691695
XR_001702600.2	1090	671.92	6	0.663612
XR_411445.3	589	250.135	47	13.9638
XM_392265.7	1659	1240.92	919	55.0367
XM_394396.6	2555	2136.92	47	1.63452
XM_006568458.3	2116	1697.92	113	4.94586
XM_001121255.5	760	377.709	485	95.4257
XM_016911423.2	1445	1026.92	0	0
XR_003304280.1	844	444.086	0	0
XM_006559694.3	2406	1987.92	240	8.97207
XM_006559699.3	1322	903.92	1610	132.366
XM_006568487.3	2596	2177.92	129	4.40178
XM_001121552.5	1357	938.92	515	40.7623
XM_395360.6	1881	1462.92	0	0
XM_393397.7	3795	3376.92	101	2.2227
XM_003250885.4	1059	640.92	806	93.457
XM_006563917.3	7065	6646.92	169	1.8895
XR_409813.3	1136	717.92	389	40.2674
XM_006559683.3	2961	2542.92	1126	32.9068
XM_624090.5	2446	2027.92	116	4.25097
XM_001120217.5	1010	591.92	0	0
XM_624115.6	1074	655.92	643	72.8518
XM_623562.5	7634	7215.92	92	0.947494
XR_003304281.1	459	166.581	4	1.7845
XM_006567960.3	8444	8025.92	157	1.45373
XM_006567963.3	3126	2707.92	175	4.80267
XM_395729.7	1530	1111.92	821	54.8719
XM_001121254.5	1655	1236.92	25	1.50203
XM_392919.7	1101	682.92	868	94.4562
XM_026439524.1	1310	891.92	229	19.0805
XM_396302.7	2674	2255.92	85	2.80011
XM_006560476.3	1316	897.92	151	12.4974
XM_026439529.1	2470	2051.92	739	26.7648
XM_026439530.1	551	223.821	1602	531.914
XM_026439531.1	2790	2371.92	408	12.7832
XM_006557257.3	1917	1498.92	129	6.39575
XM_006569857.3	1919	1500.92	5606	277.572
XR_003304283.1	1898	1479.92	74	3.71598
XM_006560483.3	2590	2171.92	106	3.62696
XM_624454.6	865	461.969	68	10.939
XM_026439533.1	4086	3667.92	78	1.58036
XM_026439535.1	2434	2015.92	1	0.0368644
XM_624526.6	1829	1410.92	85	4.4771
XM_396123.7	4485	4066.92	48	0.877114
XM_396074.6	1750	1331.92	266	14.8417
XM_026439539.1	1001	582.92	306	39.0115
XM_006559747.3	1982	1563.92	667	31.6951
XM_003249498.4	983	566.283	48	6.29924
XM_394440.7	758	376.316	398	78.5979
XM_394428.5	1158	739.92	1532	153.87
XM_006560922.3	1194	775.92	198	18.9639
XM_026439543.1	1617	1198.92	980	60.7458
XM_006560951.3	3034	2615.92	91	2.58522
XM_397130.7	3190	2771.92	291	7.80176
XM_001123124.5	2421	2002.92	209	7.75467
XR_412287.3	582	245.18	115	34.8573
XM_394417.6	2093	1674.92	696	30.8813
XM_006569247.3	2442	2023.92	104	3.81874
XM_026439546.1	6440	6021.92	883.877	10.9078
XM_026439588.1	1237	818.92	44	3.99293
XR_003304293.1	3150	2731.92	3454.31	93.9665
XR_001706245.2	3576	3157.92	0	0
XM_006571813.3	684	319.181	0	0
XM_006571815.3	629	279.188	0	0
XM_006571812.3	2590	2171.92	85	2.90841
XM_026439589.1	1432	1013.92	0	0
XM_026439590.1	3335	2916.92	61	1.55412
XM_006566785.3	1535	1116.92	196	13.0411
XM_006566784.3	1555	1136.92	226	14.7727
XM_394425.7	2602	2183.92	961	32.7015
XM_016911459.2	758	376.316	973	192.15
XM_624131.6	1949	1530.92	826	40.0966
XM_003250317.4	7378	6959.92	63	0.672693
XM_001121316.5	2439	2020.92	261	9.5978
XM_392276.7	3605	3186.92	493	11.4962
XM_026439593.1	6759	6340.92	55	0.644601
XM_003250320.4	5478	5059.92	354	5.19924
XM_001121746.5	2572	2153.92	159357	5498.22
XM_006563990.3	12305	11886.9	3111.5	19.4527
XM_026439596.1	5681	5262.92	345	4.87161
XM_003250328.4	3389	2970.92	0	0
XM_001121817.5	635	283.496	7257	1902.35
XM_026439602.1	711	340.229	150	32.7642
XR_003304347.1	4254	3835.92	15	0.290604
XR_003304348.1	2281	1862.92	2	0.0797841
XR_003304349.1	8750	8331.92	11	0.0981133
XM_026439603.1	4181	3762.92	0	0
XM_001121865.5	1273	854.92	68	5.91104
XM_026439605.1	728	353.383	0	0
XM_001119995.5	3198	2779.92	271	7.24465
XM_006571807.3	1373	954.92	74	5.75897
XM_006559731.3	6533	6114.92	30.0987	0.365794
XM_396821.6	3850	3431.92	295	6.38801
XM_006559726.3	3041	2622.92	335	9.49162
XM_395916.7	2178	1759.92	153	6.46069
XM_396942.7	2764	2345.92	204	6.46245
XM_001121719.5	1588	1169.92	112	7.11447
XM_016911212.2	4900	4481.92	93	1.54205
XM_026439624.1	1040	621.92	13	1.55342
XM_624975.6	1151	732.92	302	30.6218
XM_026439626.1	3551	3132.92	4	0.0948836
XR_003304350.1	733	357.207	17	3.53679
XM_393161.7	735	358.809	327	67.7276
XM_006571781.3	2678	2259.92	148	4.86686
XM_026439627.1	1292	873.92	42	3.57156
XM_006560957.3	2381	1962.92	30	1.13579
XM_392285.7	897	489.776	1622	246.113
XM_026439628.1	2034	1615.92	523	24.0526
XM_016917929.2	1837	1418.92	643	33.677
XM_026439633.1	666	306.741	71.6608	17.3616
XM_026439634.1	1303	884.92	2	0.16796
XM_026439635.1	5205	4786.92	1322	20.5237
XM_026439636.1	1080	661.92	185	20.7705
XM_026439637.1	1728	1309.92	1	0.056733
XM_016911058.2	2454	2035.92	0	0
XM_026439638.1	423	146.501	6	3.04362
XM_026439639.1	3852	3433.92	1	0.0216416
XM_026439640.1	1294	875.92	0	0
XM_026439641.1	2172	1753.92	0	0
XM_026439642.1	5112	4693.92	264	4.17973
XM_026439643.1	855	453.525	70	11.4704
XM_026439644.1	2062	1643.92	0	0
XM_006563878.3	5297	4878.92	4.00811	0.0610515
XM_026439649.1	2308	1889.92	0	0
XM_026439650.1	1857	1438.92	529	27.3212
XM_026439651.1	634	282.778	44.0744	11.583
XM_026439652.1	11775	11356.9	533	3.48776
XM_026439653.1	1976	1557.92	15	0.715528
XM_395364.6	2524	2105.92	179	6.31672
XM_001120785.5	5222	4803.92	1017	15.7328
XM_016911242.2	1568	1149.92	201	12.99
XM_624101.6	2070	1651.92	1360	61.1829
XM_026439654.1	2085	1666.92	1	0.0445826
XR_003304352.1	846	445.815	0	0
XM_624617.6	1070	651.92	1030	117.415
XM_003251399.4	2493	2074.92	344	12.3208
XM_624939.6	1545	1126.92	320	21.1027
XM_624927.6	943	529.809	2531	355.02
XM_623437.6	1782	1363.92	205	11.1698
XM_006563915.3	755	374.288	634	125.882
XM_006566781.3	1217	798.92	125	11.6275
XM_026439656.1	1043	624.92	186	22.1192
XM_396934.7	2149	1730.92	26	1.11629
XM_623462.5	2447	2028.92	120	4.39538
XM_026439657.1	2647	2228.92	76	2.53396
XM_026439658.1	59314	58895.9	42.004	0.0530012
XR_003304355.1	351	120.119	0	0
XR_003304356.1	551	223.821	0	0
XM_393151.7	1946	1527.92	409	19.8931
XR_003304357.1	7259	6840.92	46	0.499717
XM_001122585.5	2075	1656.92	48	2.15288
XM_016911246.2	5891	5472.92	173	2.34913
XM_006560471.3	7002	6583.92	11	0.124162
XM_396295.7	3932	3513.92	1	0.0211489
XM_393137.7	1922	1503.92	199	9.83351
XM_396298.7	2516	2097.92	120	4.25082
XR_003304359.1	3291	2872.92	0	0
XR_003304365.1	2300	1881.92	39	1.54008
XR_001702396.2	558	228.456	0	0
XM_394885.7	911	501.919	778	115.193
XM_006563928.3	1524	1105.92	453	30.4407
XM_003251397.4	1618	1199.92	397	24.5877
XM_006569853.3	890	483.589	292	44.8732
XM_394419.7	1515	1096.92	257	17.4116
XM_003249255.4	3097	2678.92	39	1.0819
XM_396892.6	4621	4202.92	126	2.22792
XM_395035.7	2743	2324.92	98	3.13255
XM_395034.7	2301	1882.92	157	6.19652
XM_006558450.3	2435	2016.92	70	2.57923
XM_003249256.4	2061	1642.92	326	14.7463
XM_395755.7	927	516.006	352	50.6954
XM_006558418.3	941	528.049	166	23.3622
XR_003304366.1	860	457.685	0	0
XM_026439672.1	1717	1298.92	297	16.9924
XM_393531.7	7806	7387.92	727.006	7.31301
XM_006560859.3	5202	4783.92	101.352	1.57444
XM_397177.7	4432	4013.92	292	5.40623
XM_026439673.1	5297	4878.92	2.00268	0.0305047
XR_001702332.2	1177	758.92	7	0.685461
XM_394966.7	720	347.163	174	37.2474
XM_394967.7	1938	1519.92	43.1828	2.1114
XM_026439674.1	3538	3119.92	24	0.571674
XR_003304367.1	327	109.385	1	0.679398
XM_026439675.1	2715	2296.92	120	3.88254
XM_395802.7	1596	1177.92	507	31.9869
XM_396054.7	1642	1223.92	105	6.37554
XM_001121893.5	536	213.848	135	46.9146
XM_392295.6	4844	4425.92	625	10.4944
XM_026439677.1	4980	4561.92	207	3.37212
XM_006558442.3	3116	2697.92	55	1.515
XM_003249259.4	3306	2887.92	270	6.94799
XM_006558441.3	1198	779.92	5	0.476431
XM_016911250.2	1596	1177.92	315	19.8735
XR_001702399.2	1504	1085.92	305	20.8729
XR_003304368.1	1566	1147.92	18	1.16531
XR_407849.3	1924	1505.92	21	1.03633
XR_003304370.1	1749	1330.92	0	0
XM_394893.6	1737	1318.92	7	0.394421
XM_006559712.3	1801	1382.92	780	41.9158
XM_003249509.4	1217	798.92	562	52.2773
XM_003249731.4	1414	995.92	63	4.70107
XM_624471.6	1061	642.92	351	40.5724
XM_392658.7	652	296.516	2834	710.285
XM_001120677.5	2956	2537.92	21	0.614924
XR_003304371.1	606	262.694	0	0
XM_396933.7	1804	1385.92	81	4.34337
XR_003304372.1	2404	1985.92	29	1.08522
XM_001120448.5	1752	1333.92	223	12.4238
XM_624518.5	1353	934.92	525	41.7316
XM_026439678.1	767	383.205	471	91.342
XM_393347.6	1129	710.92	250	26.1336
XR_003304375.1	684	319.181	0	0
XM_394432.7	9671	9252.92	304.936	2.44912
XM_026439679.1	982	565.332	2	0.26291
XR_003304380.1	2062	1643.92	11	0.49727
XR_001702378.2	1060	641.92	4	0.463084
XM_003249730.4	7944	7525.92	0	0
XR_003304381.1	309	100.412	0	0
XM_026439680.1	5020	4601.92	4	0.0645954
XM_003251102.4	557	227.8	1737	566.666
XM_016911523.2	1077	658.92	1224	138.048
XM_394416.7	4374	3955.92	123	2.31067
XM_026439681.1	1345	926.92	28	2.2449
XM_001121598.5	1146	727.92	8	0.816746
XM_003249152.4	2322	1903.92	3	0.117099
XR_119759.4	762	379.259	23	4.50684
XM_026439682.1	7025	6606.92	2302	25.8933
XM_026439691.1	1077	658.92	823	92.8213
XM_395962.6	2682	2263.92	751	24.6524
XM_026439692.1	3154	2735.92	140	3.80281
XM_392256.7	3025	2606.92	548	15.6219
XM_026439699.1	4715	4296.92	241	4.16812
XM_026439702.1	1828	1409.92	498	26.2492
XM_016911435.2	1553	1134.92	65	4.25626
XM_026439709.1	907	498.574	589	87.7942
XM_026439711.1	306	99.0146	11.4084	8.56258
XM_396835.7	2510	2091.92	51	1.81178
XM_026439712.1	1557	1138.92	67.5989	4.41089
XM_026439713.1	2791	2372.92	60.4011	1.89166
XR_003304384.1	1072	653.92	614	69.7789
XR_003304385.1	1651	1232.92	2	0.120552
XM_393064.7	3961	3542.92	60	1.25855
XM_006571868.3	1655	1236.92	862	51.79
XM_026439714.1	3052	2633.92	150	4.23223
XM_026439716.1	992	574.541	192	24.8348
XM_003251800.4	811	416.845	909	162.058
XM_624577.6	1519	1100.92	670	45.2272
XM_006571975.3	2003	1584.92	316	14.817
XM_623373.6	1087	668.92	275	30.552
XM_026439719.1	2560	2141.92	2	0.0693916
XR_408481.3	4888	4469.92	22	0.365766
XM_026439720.1	9553	9134.92	224	1.82232
XM_026439725.1	3224	2805.92	1536	40.6814
XM_624402.6	2730	2311.92	5	0.160723
XM_395083.7	1428	1009.92	3	0.220757
XR_003304388.1	627	277.742	68	18.1948
XR_003304389.1	1920	1501.92	39	1.92974
XR_001706488.2	1105	686.92	208	22.5029
XM_001120196.5	1106	687.92	110	11.8832
XR_001702346.2	6583	6164.92	157	1.89257
XM_006563958.3	5031	4612.92	317	5.10698
XM_016911259.2	1422	1003.92	6	0.444153
XM_006563965.3	1479	1060.92	49	3.43237
XM_392813.7	1361	942.92	2826	222.729
XM_001120821.5	1451	1032.92	73	5.25214
XM_026439734.1	391	130.573	162	92.202
XR_003304394.1	3034	2615.92	29	0.823861
XM_026439735.1	15403	14984.9	1189	5.89668
XM_003251776.4	1804	1385.92	463	24.8269
XM_624348.6	1837	1418.92	467	24.459
XR_003304400.1	2441	2022.92	5	0.183684
XM_026439736.1	10147	9728.92	3430.78	26.2065
XM_026439738.1	4668	4249.92	517	9.04045
XM_394443.7	4563	4144.92	74.635	1.33816
XM_006559771.3	3818	3399.92	1252	27.3663
XM_006563956.3	3417	2998.92	621	15.3889
XM_006563943.3	6271	5852.92	1161	14.7414
XM_396848.7	1564	1145.92	140	9.07934
XR_409823.3	750	370.27	163	32.7152
XM_003250323.4	10707	10288.9	144	1.0401
XM_026439746.1	2193	1774.92	55	2.30284
XR_003304401.1	1102	683.92	0	0
XR_001702495.2	4772	4353.92	6	0.102412
XM_016911303.2	7462	7043.92	217.12	2.29068
XM_394451.6	4861	4442.92	10.0095	0.167427
XM_016911305.2	434	152.661	8	3.89441
XR_003304402.1	1396	977.92	11	0.83593
XR_119792.4	500	191.21	0	0
XR_003304404.1	868	464.629	2	0.319892
XR_003304406.1	224	63.8656	0	0
XR_003304407.1	514	199.717	3	1.11632
XR_003304408.1	2307	1888.92	0	0
XR_001702453.2	4063	3644.92	2	0.0407777
XR_001702458.2	892	485.335	0	0
XR_003304413.1	2195	1776.92	0	0
XM_006559753.3	3711	3292.92	112	2.52765
XM_001121415.5	5219	4800.92	32	0.495343
XM_016911517.2	4516	4097.92	2	0.0362699
XR_001702481.2	4883	4464.92	65	1.08188
XR_001702471.2	3677	3258.92	1	0.0228038
XR_001702491.2	1301	882.92	3	0.252511
XR_001702489.2	1454	1035.92	1	0.0717388
XM_026439747.1	3015	2596.92	0	0
XM_394399.7	5626	5207.92	1661	23.702
XM_016911300.2	1439	1020.92	58	4.22199
XM_623932.5	1067	648.92	265	30.3484
XM_001120447.5	975	558.72	207	27.5332
XM_392264.6	2288	1869.92	367.351	14.5995
XR_411444.3	3011	2592.92	76.1747	2.18324
XM_392262.6	2669	2250.92	21	0.693329
XM_006569223.3	2467	2048.92	259	9.3941
XM_624528.6	1925	1506.92	14	0.690428
XM_392263.7	990	572.699	243	31.5327
XR_411441.3	1857	1438.92	93	4.80316
XM_026439760.1	2442	2023.92	525	19.2773
XM_624142.6	2603	2184.92	774	26.3261
XM_016917200.2	7711	7292.92	434	4.42251
XM_026439775.1	3008	2589.92	73	2.09468
XM_006567984.3	7475	7056.92	152	1.6007
XM_006567988.3	10936	10517.9	74	0.522856
XM_026439777.1	2142	1723.92	0	0
XM_026439779.1	1045	626.92	0	0
XR_411064.3	1582	1163.92	11	0.702344
XR_411063.3	2428	2009.92	2	0.0739489
XM_006563925.3	3545	3126.92	294	6.98733
XM_393141.7	3209	2790.92	1267	33.7372
XM_623133.6	5216	4797.92	313	4.8481
XM_623909.5	2171	1752.92	296	12.549
XM_003249645.4	2144	1725.92	207	8.91313
XM_393029.7	1486	1067.92	43	2.99233
XM_623998.4	601	258.874	742	213.008
XM_006560449.3	5676	5257.92	162	2.28972
XM_003251775.4	9436	9017.92	1853	15.2704
XM_624111.6	637	284.998	455	118.645
XM_006557988.3	8774	8355.92	153	1.36075
XM_396838.6	1113	694.92	1544	165.117
XM_624403.5	1790	1371.92	322	17.4425
XM_006558395.3	7444	7025.92	155	1.63949
XM_006558394.3	2170	1751.92	136	5.76906
XM_625186.5	2125	1706.92	123	5.35516
XM_003251304.4	1126	707.92	150	15.7466
XM_006569246.3	3116	2697.92	998	27.4905
XR_003304423.1	252	74.835	0	0
XM_006569243.3	1877	1458.92	219.974	11.2052
XM_001119921.5	1263	844.92	727	63.9439
XM_006569242.3	2386	1967.92	290	10.9514
XM_392258.7	3384	2965.92	812	20.3459
XM_392259.7	1748	1329.92	252	14.0817
XR_003304424.1	302	97.3375	12	9.16182
XR_001702415.2	3393	2974.92	7	0.174865
XM_006560439.3	1944	1525.92	855	41.6404
XM_026439806.1	5656	5237.92	70	0.993161
XM_026439807.1	5616	5197.92	11	0.157269
XR_001702585.2	5637	5218.92	5	0.0711983
XR_408951.3	2415	1996.92	0	0
XM_026439810.1	3067	2648.92	801	22.4721
XR_003304428.1	294	93.1257	21	16.7583
XM_026439818.1	2462	2043.92	114	4.14497
XM_392277.7	2504	2085.92	112.738	4.01656
XR_003304429.1	746	367.165	32	6.47693
XM_393346.7	6251	5832.92	57	0.726222
XM_001121818.5	1482	1063.92	145	10.1284
XM_396407.6	4951	4532.92	451	7.39399
XM_026439828.1	3326	2907.92	176	4.49791
XR_001702597.2	351	120.119	0	0
XR_001706305.2	4265	3846.92	1	0.0193182
XR_001702612.2	1499	1080.92	1	0.0687522
XR_001702611.2	469	172.375	2	0.862255
XM_006557969.3	4000	3581.92	2131	44.2128
XM_623916.6	2799	2380.92	381	11.8922
XM_003251296.4	1648	1229.92	8	0.483385
XM_016912184.2	1012	593.92	9.36196	1.17144
XR_003304443.1	1038	619.92	11	1.31867
XM_006569260.3	1166	747.92	28	2.78217
XR_001702633.2	746	367.165	4	0.809617
XM_392288.7	1698	1279.92	4	0.232251
XM_016911337.2	773	387.96	358	68.5766
XR_001702519.2	4294	3875.92	144	2.76101
XR_119878.4	4223	3804.92	111	2.16799
XR_001702513.2	1352	933.92	0	0
XR_001702514.2	690	323.724	6	1.37739
XM_006567965.2	2220	1801.92	42	1.73218
XM_623933.6	2192	1773.92	229	9.59361
XM_623903.6	1546	1127.92	108	7.11584
XM_016911318.2	761	378.417	1	0.196385
XM_623988.6	7629	7210.92	315	3.24639
XM_016911268.2	5228	4809.92	10	0.154505
XM_016911270.2	5230	4811.92	12	0.185329
XM_623438.5	677	314.573	3723	879.532
XR_001702410.2	963	547.802	5	0.678308
XM_016911332.2	3089	2670.92	197.496	5.49512
XR_001702510.2	3730	3311.92	33.0912	0.742528
XM_393289.7	5281	4862.92	997	15.2363
XM_026439843.1	5649	5230.92	123	1.74746
XM_396075.6	1559	1140.92	738	48.0708
XM_396131.7	1772	1353.92	1360	74.6494
XM_396321.6	1096	677.92	42	4.60417
XR_411641.3	275	84.5026	50	43.9724
XM_026439845.1	2388	1969.92	95	3.5839
XM_026439847.1	1511	1092.92	403	27.4029
XM_393560.7	2183	1764.92	269	11.3268
XM_006569252.3	1968	1549.92	26	1.24665
XM_003251305.4	2001	1582.92	271	12.723
XM_003251306.4	1435	1016.92	12	0.87695
XM_006569253.3	1165	746.92	346	34.4257
XR_411464.3	1480	1061.92	0	0
XM_001121282.5	449	160.654	741	342.773
XM_397422.7	4116	3697.92	117	2.3513
XM_001119982.5	2172	1753.92	342	14.4909
XM_394877.7	1015	596.92	271	33.7391
XR_407841.3	646	291.924	123	31.3123
XM_003249254.4	3481	3062.92	15	0.363945
XM_394878.6	2177	1758.92	162	6.84462
XM_001120009.5	463	169.02	313	137.622
XM_393563.7	1977	1558.92	1550	73.8904
XM_001120383.5	4537	4118.92	255	4.60084
XM_026439850.1	4371	3952.92	155	2.91403
XM_397251.7	4109	3690.92	914	18.4031
XM_623850.6	2150	1731.92	183	7.85242
XR_407833.3	1766	1347.92	1	0.0551336
XR_001702322.2	1868	1449.92	8	0.41004
XR_003304448.1	1378	959.92	13	1.00644
XM_392826.7	1367	948.92	732	57.3274
XM_006567951.3	6500	6081.92	287	3.50689
XM_001121007.5	2310	1891.92	370	14.5338
XM_006569876.3	2774	2355.92	8	0.252354
XM_001121944.5	7194	6775.92	130	1.42579
XM_623934.5	1190	771.92	119	11.4566
XM_026439860.1	8321	7902.92	162	1.52338
XM_624570.5	3600	3181.92	90.6542	2.11728
XM_393138.7	2136	1717.92	2201	95.2133
XR_001702498.2	1395	976.92	177	13.4646
XR_001702500.2	694	326.686	15	3.41225
XR_001702501.2	4419	4000.92	3.0721	0.0570632
XR_001702502.2	1536	1117.92	0	0
XM_016911361.2	2674	2255.92	107	3.52485
XM_016911362.2	4373	3954.92	418	7.85451
XM_393566.7	937	524.46	367	52.0037
XR_003304451.1	1218	799.92	2	0.185808
XM_026439866.1	3455	3036.92	51	1.24801
XM_006560882.3	2405	1986.92	2225	83.2204
XM_006560885.3	1403	984.92	154	11.6198
XM_016911266.2	1464	1045.92	312	22.1685
XM_026439873.1	1381	962.92	713	55.0275
XM_026439878.1	535	213.245	6	2.09099
XR_003304452.1	1266	847.92	3	0.262934
XM_006559709.3	2178	1759.92	53	2.23802
XM_016911428.2	1739	1320.92	539	30.3244
XM_026439881.1	1385	966.92	757	58.1816
XM_006559708.3	727	352.676	1186	249.913
XR_408470.3	6774	6355.92	16	0.187078
XM_026439885.1	1863	1444.92	256	13.1667
XM_623744.5	1096	677.92	27	2.95982
XM_016911075.2	997	579.101	411	52.7434
XR_120424.4	1294	875.92	7	0.593901
XR_411202.3	2206	1787.92	21	0.872874
XR_003304453.1	442	156.701	52	24.6611
XR_003304454.1	3183	2764.92	4.00395	0.107618
XR_003304456.1	2346	1927.92	1	0.0385471
XR_001702301.2	496	188.623	1	0.39399
XR_003304457.1	1509	1090.92	0	0
XR_003304458.1	119	24.4922	5.88969	17.8709
XR_003304459.1	119	24.4922	16.7702	50.8853
XR_003304460.1	119	24.4922	16.7702	50.8853
XR_003304461.1	119	24.4922	16.7702	50.8853
XR_003304462.1	119	24.4922	16.7702	50.8853
XR_003304463.1	119	24.4922	16.7702	50.8853
XR_003304464.1	119	24.4922	16.7702	50.8853
XR_003304465.1	119	24.4922	16.7702	50.8853
XR_003304466.1	119	24.4922	16.7702	50.8853
XR_003304467.1	119	24.4922	16.7702	50.8853
XR_003304468.1	119	24.4922	16.7702	50.8853
XR_003304469.1	119	24.4922	10.9328	33.1729
XR_003304470.1	119	24.4922	16.7702	50.8853
XR_003304471.1	119	24.4922	16.7702	50.8853
XR_003304472.1	119	24.4922	16.7702	50.8853
XR_003304473.1	119	24.4922	16.7702	50.8853
XR_003304474.1	119	24.4922	16.7702	50.8853
XR_003304475.1	119	24.4922	0	0
XR_003304476.1	119	24.4922	1.16289	3.52852
XR_003304477.1	119	24.4922	0.000105862	0.000321214
XR_003304478.1	119	24.4922	0	0
XR_003304479.1	119	24.4922	0	0
XR_003304480.1	119	24.4922	10.9328	33.1729
XR_003304481.1	120	24.7373	2.161e-06	6.49205e-06
XR_003304482.1	149	29.5239	9	22.6542
XR_003304483.1	121	25.1421	299.505	885.286
XR_003304484.1	107	22.4167	17.3333	57.4634
XR_003304485.1	130	26.7647	7	19.4364
XR_003304486.1	119	24.4922	0	0
XR_003304487.1	119	24.4922	16.7702	50.8853
XM_006562338.3	7236	6817.92	8	0.0872004
XM_006562334.3	2689	2270.92	6	0.19635
XM_016911878.2	3847	3428.92	0	0
XM_016912031.2	1227	808.92	1228	112.817
XM_624020.5	5364	4945.92	212	3.18544
XM_623990.6	2289	1870.92	9	0.357493
XM_026439981.1	1992	1573.92	823	38.8595
XM_395533.7	1666	1247.92	326	19.4138
XM_394479.7	2239	1820.92	803	32.7722
XM_006567308.3	1331	912.92	2	0.162809
XM_001120589.5	1858	1439.92	3	0.154833
XM_016911849.2	2741	2322.92	5	0.159962
XM_016911851.2	1313	894.92	1048	87.0277
XM_016911854.2	1474	1055.92	22	1.54836
XM_016911855.2	503	193.063	92	35.4135
XM_016911608.2	654	297.972	4	0.99762
XM_016911626.2	2867	2448.92	143	4.33952
XR_001702669.2	4969	4550.92	33	0.538884
XR_003304489.1	4418	3999.92	16	0.297269
XR_003304490.1	1249	830.92	4	0.357751
XM_006565432.3	4253	3834.92	214	4.14704
XM_006567153.3	3441	3022.92	17	0.417929
XM_016911709.2	1180	761.92	1215	118.508
XM_394472.7	4079	3660.92	388	7.87629
XM_006567154.3	2166	1747.92	95	4.03908
XM_003250932.4	1757	1338.92	139	7.71508
XM_394469.6	2119	1700.92	18	0.786446
XM_392313.7	1834	1415.92	2763.17	145.027
XM_006567161.3	969	553.249	113	15.1788
XM_001122056.5	1082	663.92	152	17.0141
XM_394467.5	961	545.967	277	37.7046
XM_016911714.2	607	263.485	22.8254	6.43788
XM_394471.5	1437	1018.92	17	1.23991
XR_001702715.2	2560	2141.92	11	0.381654
XR_001702714.2	1206	787.92	3	0.282956
XM_623065.6	4248	3829.92	5027	97.5438
XM_026439990.1	795	404.091	0	0
XM_003250940.4	3552	3133.92	203	4.81381
XM_006567217.3	2497	2078.92	222	7.93589
XM_026439991.1	5322	4903.92	66	1.00019
XM_625217.5	2129	1710.92	590	25.6273
XM_016911874.2	19086	18667.9	36	0.143313
XM_006558181.3	5799	5380.92	714	9.86103
XM_006558180.3	951	536.762	0	0
XM_026439993.1	1622	1203.92	111	6.85182
XM_001122506.5	2038	1619.92	4534	208.002
XM_006567126.3	1823	1404.92	10	0.528967
XM_393160.7	1129	710.92	1412	147.603
XM_026439997.1	7883	7464.92	771	7.67555
XR_003304496.1	283	87.4973	0	0
XR_407984.2	3000	2581.92	4	0.115132
XR_003304498.1	3601	3182.92	0	0
XM_006567135.3	5419	5000.92	31	0.460672
XM_026440010.1	1196	777.92	5	0.477656
XM_016911894.2	871	467.258	1	0.159046
XM_001121775.5	5445	5026.92	63	0.931363
XM_392327.6	3927	3508.92	471	9.97534
XM_016911722.2	857	455.238	1	0.163246
XM_026440011.1	3730	3311.92	340	7.62921
XM_003250945.4	1120	701.92	94	9.95224
XM_625262.6	3346	2927.92	2255	57.2358
XR_001702716.2	1687	1268.92	77	4.50959
XM_026440016.1	4258	3839.92	650	12.5797
XM_006567247.3	834	435.901	510	86.9486
XM_394987.7	477	177.118	1812	760.285
XR_003304504.1	250	74.0818	6	6.01894
XM_026440019.1	1239	820.92	143	12.9454
XM_625102.6	890	483.589	477	73.3032
XM_006558701.3	5618	5199.92	1049	14.992
XM_026440020.1	1777	1358.92	3363	183.913
XM_026440021.1	576	241.041	0	0
XM_026440022.1	801	408.894	135.401	24.6088
XM_016911588.2	1683	1264.92	0	0
XM_016911917.2	1164	745.92	1	0.0996296
XM_026440023.1	2300	1881.92	355	14.0187
XM_016912030.2	2108	1689.92	130	5.71686
XM_016911953.2	920	509.753	72	10.4967
XM_396884.7	5618	5199.92	1124	16.0639
XM_026440025.1	6380	5961.92	36	0.448742
XM_006561979.3	728	353.383	425	89.3765
XM_006562724.2	9619	9200.92	132.332	1.06884
XM_026440026.1	2743	2324.92	1	0.0319648
XM_026440027.1	1669	1250.92	0	0
XM_026440028.1	627	277.742	2	0.535141
XM_026440029.1	789	399.325	0	0
XM_026440030.1	1500	1081.92	7	0.480821
XM_026440031.1	8518	8099.92	78	0.715639
XM_026440032.1	2601	2182.92	13	0.442574
XM_001120981.5	3129	2710.92	7	0.191894
XM_026440033.1	3681	3262.92	1	0.0227758
XM_026440034.1	2110	1691.92	108	4.74378
XM_026440035.1	2094	1675.92	70	3.10402
XM_396051.7	1821	1402.92	472	25.0028
XM_623701.6	1117	698.92	168	17.8633
XM_003249049.4	1261	842.92	422	37.2054
XM_623797.6	1376	957.92	1244	96.5098
XM_001122008.5	715	343.329	555	120.133
XM_006567136.3	6282	5863.92	83	1.05189
XM_026440039.1	2472	2053.92	8	0.289459
XM_026440040.1	7255	6836.92	113	1.22828
XM_006558673.3	5486	5067.92	17	0.249287
XM_006558675.3	1153	734.92	8	0.808966
XR_003304506.1	4498	4079.92	99	1.80328
XR_408001.3	5321	4902.92	0	0
XR_001702794.2	622	274.575	1	0.270657
XM_624982.6	6981	6562.92	634	7.17914
XM_006557334.3	1124	705.92	189	19.897
XM_624958.5	830	432.602	95	16.3198
XM_396126.6	1479	1060.92	139	9.73672
XM_003249317.4	3226	2807.92	153.02	4.04989
XM_026440041.1	816	420.82	18	3.17875
XM_026440042.1	5347	4928.92	76	1.14589
XM_003249335.4	897	489.776	52	7.89017
XM_001120384.5	2756	2337.92	17	0.540381
XM_006562715.3	1902	1483.92	13.031	0.6526
XM_006562717.3	1918	1499.92	45	2.22959
XM_026440043.1	1385	966.92	16	1.22973
XM_006562718.3	2450	2031.92	10	0.365741
XM_006562714.3	2576	2157.92	8	0.275509
XM_026440044.1	9287	8868.92	2266	18.9876
XR_003304508.1	363	125.136	0	0
XM_395109.7	3059	2640.92	28	0.787922
XM_016911949.2	2370	1951.92	495	18.8462
XM_623203.5	970	554.138	225	30.1748
XM_006560554.3	625	276.311	27	7.26183
XM_006560555.3	493	186.961	1719	683.29
XM_026440045.1	11662	11243.9	34	0.22472
XM_006560577.3	3635	3216.92	0	0
XM_026440046.1	8665	8246.92	57	0.513645
XM_026440048.1	2768	2349.92	1108	35.0402
XM_006560574.3	2356	1937.92	313	12.003
XM_006560556.3	1997	1578.92	408	19.2035
XM_006560557.3	1422	1003.92	12	0.888306
XM_393288.7	1164	745.92	365	36.3648
XM_006560572.3	1018	599.92	283	35.0569
XM_026440059.1	2025	1606.92	5	0.231236
XR_001702707.2	2914	2495.92	0	0
XM_393050.7	2346	1927.92	3074	118.494
XM_006557337.3	2516	2097.92	197	6.97843
XM_396145.7	1596	1177.92	230	14.5108
XM_006562706.3	3944	3525.92	196	4.13108
XM_016911906.2	888	481.804	247	38.0984
XM_026440062.1	1934	1515.92	191	9.36348
XM_395873.7	2363	1944.92	540	20.6335
XM_006558688.3	5470	5051.92	212	3.1186
XM_016912034.2	694	326.686	17	3.86722
XM_006562720.3	4038	3619.92	58	1.19072
XM_006562666.3	2728	2309.92	212	6.82055
XM_016911923.2	1153	734.92	164	16.5838
XM_026440069.1	692	325.206	93	21.2523
XM_006561998.3	3266	2847.92	114	2.9748
XM_006562000.3	968	552.339	501	67.4081
XM_016911922.2	626	277.045	3905	1047.49
XM_016911886.2	1705	1286.92	0	0
XM_026440073.1	1765	1346.92	0	0
XM_016911897.2	2396	1977.92	122	4.58386
XM_395929.6	2466	2047.92	45	1.63298
XM_006558676.3	848	447.555	2308	383.239
XM_026440074.1	720	347.163	395	84.5559
XM_001121284.5	4866	4447.92	11	0.183788
XM_392642.6	2976	2557.92	297	8.62879
XM_395052.5	1645	1226.92	868	52.5756
XM_006567193.3	415	142.595	803	418.496
XM_006567189.3	2909	2490.92	594	17.7218
XM_006567180.3	2882	2463.92	269	8.11346
XM_006567186.3	1077	658.92	184	20.7523
XM_026440081.1	1288	869.92	117	9.9951
XM_006567179.3	4108	3689.92	441	8.88182
XM_625167.6	3068	2649.92	26	0.729157
XM_001121520.5	1268	849.92	510	44.5936
XM_006567178.3	1037	618.92	0	0
XM_001120355.5	1071	652.92	1184	134.763
XM_003250111.4	594	253.673	262	76.7553
XM_026440084.1	804	411.364	738	133.325
XM_026440085.1	4933	4514.92	466	7.67037
XM_026440086.1	497	189.199	204	80.1295
XM_394482.7	3165	2746.92	278	7.52106
XM_392654.6	824	427.578	149	25.8971
XM_006558713.3	843	443.23	279	46.7795
XM_006558728.3	2281	1862.92	89	3.55039
XM_026440087.1	2472	2053.92	335.599	12.1428
XM_016911926.2	1114	695.92	432	46.1323
XM_026440091.1	963	547.802	123	16.6864
XR_412329.3	1243	824.92	188	16.9366
XM_006557918.3	3722	3303.92	202	4.54362
XM_003250541.4	2314	1895.92	840.38	32.9409
XM_016911924.2	5432	5013.92	137	2.0306
XM_623406.6	4535	4116.92	199	3.5922
XM_003250934.4	3532	3113.92	130	3.10253
XM_392318.7	3755	3336.92	85	1.89301
XM_392640.7	1069	650.92	613	69.9863
XM_001120012.5	606	262.694	1092	308.925
XM_623483.5	962	546.891	1	0.135888
XR_003304519.1	314	103.165	1254	903.324
XM_001120680.5	3111	2692.92	402	11.0939
XM_016911757.2	1020	601.92	55	6.79054
XM_006562639.3	1314	895.92	2242	185.972
XM_395593.7	4646	4227.92	93	1.63469
XM_392660.7	1968	1549.92	517	24.7892
XM_003249947.4	1227	808.92	333	30.5928
XM_624517.6	1020	601.92	200	24.6929
XM_394455.7	3519	3100.92	167	4.00227
XM_395146.7	4833	4414.92	248	4.17455
XM_026440103.1	2235	1816.92	798	32.6398
XM_026440105.1	1230	811.92	0	0
XM_026440107.1	1171	752.92	562	55.4712
XM_395914.5	1822	1403.92	472	24.985
XM_625028.6	1898	1479.92	178	8.93845
XM_392995.7	1123	704.92	3133	330.294
XM_006558680.3	4986	4567.92	345	5.61282
XM_003250107.4	544	219.058	28	9.49902
XM_006562647.3	2287	1868.92	132	5.24884
XM_006560607.3	730	354.929	137	28.6853
XM_026440109.1	3192	2773.92	49	1.31275
XM_392338.7	3334	2915.92	868	22.122
XM_003251895.4	1618	1199.92	174	10.7765
XM_026440111.1	1174	755.92	708	69.6046
XM_395697.7	2218	1799.92	210	8.67055
XM_395696.7	1177	758.92	483	47.2968
XM_006557914.3	500	191.21	0	0
XM_624005.5	5027	4608.92	448	7.22369
XM_026440113.1	6395	5976.92	39	0.484917
XM_016911965.2	2568	2149.92	23	0.795034
XM_026440117.1	3442	3023.92	0	0
XM_006557328.3	626	277.045	13	3.48717
XR_003304521.1	717	344.855	9	1.93948
XM_396966.7	1957	1538.92	468	22.6001
XM_624571.5	1938	1519.92	184	8.99658
XM_006569333.3	1296	877.92	353	29.8813
XM_006562658.3	3836	3417.92	1	0.021743
XM_026440125.1	2005	1586.92	14	0.655622
XR_003304522.1	4313	3894.92	0	0
XM_003250542.4	4895	4476.92	209	3.46934
XR_003304523.1	1901	1482.92	0	0
XM_001122876.5	1499	1080.92	0	0
XM_006562719.3	2747	2328.92	74	2.36133
XM_006567242.3	2330	1911.92	3485	135.461
XM_026440128.1	2220	1801.92	506	20.8687
XM_392635.7	1761	1342.92	1409	77.9725
XM_016911940.2	7448	7029.92	380	4.01711
XR_003304524.1	2009	1590.92	1	0.0467124
XM_026440132.1	4499	4080.92	95	1.73
XM_623313.5	2081	1662.92	136	6.07782
XM_006565936.3	1932	1513.92	2430	119.284
XM_006569341.3	486	182.626	2	0.813859
XM_026440137.1	13385	12966.9	167	0.957106
XM_006569278.3	5564	5145.92	58	0.837617
XM_016911731.2	6817	6398.92	1864	21.6481
XM_006569264.3	3842	3423.92	436.237	9.46845
XM_001120652.5	1413	994.92	831	62.0716
XR_003304525.1	516	200.959	657	242.962
XM_026440144.1	2779	2360.92	11	0.346252
XM_026440145.1	1230	811.92	152	13.9127
XM_396963.7	1257	838.92	137	12.1361
XM_001122740.5	2641	2222.92	1562	52.2201
XM_006562654.3	20778	20359.9	358.338	1.30797
XR_001702723.2	1249	830.92	223	19.9446
XR_003304526.1	3072	2653.92	5	0.140011
XM_394678.7	1651	1232.92	542	32.6697
XM_394676.6	1236	817.92	6	0.545156
XM_003250953.4	887	481.038	110	16.9939
XM_397486.7	2847	2428.92	68	2.08054
XM_026440155.1	11199	10780.9	323	2.22652
XM_006569306.3	2034	1615.92	10	0.459897
XM_394460.7	1693	1274.92	1210	70.5315
XM_001121220.5	982	565.332	8	1.05164
XM_016911724.2	825	428.41	477	82.7445
XM_016911725.2	1162	743.92	736	73.5245
XM_026440160.1	5970	5551.92	633.304	8.47714
XM_001121774.5	2945	2526.92	214	6.29365
XM_394473.5	4252	3833.92	1276	24.7336
XR_003304527.1	5163	4744.92	7.01354	0.109847
XM_016911581.2	2862	2443.92	40	1.21634
XM_394494.7	2720	2301.92	12	0.387411
XM_026440164.1	3758	3339.92	0	0
XM_026440165.1	3401	2982.92	9	0.224224
XM_016911979.2	1073	654.92	0	0
XR_408014.3	2184	1765.92	10	0.420833
XR_003304529.1	2612	2193.92	3	0.10162
XM_396117.7	2769	2350.92	463	14.636
XM_396029.7	4473	4054.92	270	4.94837
XM_395502.6	2464	2045.92	231	8.39081
XM_026440174.1	2459	2040.92	483	17.5874
XM_001121844.5	2564	2145.92	70	2.42418
XM_016911992.2	1110	691.92	9	0.966645
XM_395613.7	2027	1608.92	256	11.8246
XM_016911695.2	2326	1907.92	1014	39.4965
XR_003304530.1	744	365.655	0	0
XM_395226.7	3451	3032.92	147	3.60194
XM_006562640.3	1621	1202.92	1589	98.1675
XM_624903.6	2791	2372.92	331	10.3663
XM_394462.6	4006	3587.92	33	0.683521
XM_006569345.3	4188	3769.92	535	10.5463
XR_003304531.1	1412	993.92	111	8.2995
XM_006569353.3	3508	3089.92	2995.87	72.0537
XM_003250948.4	662	303.816	0	0
XR_001706199.2	2612	2193.92	235	7.96026
XR_003304538.1	638	285.745	1	0.260077
XM_001121698.5	782	393.541	442	83.4665
XM_624988.5	1985	1566.92	210	9.95985
XM_624061.6	2245	1826.92	154	6.26443
XM_001121690.4	2311	1892.92	1508	59.2038
XM_006560587.3	1790	1371.92	240	13.0006
XM_624802.6	2802	2383.92	294	9.16508
XM_001122053.4	3034	2615.92	164	4.65908
XM_625074.5	1609	1190.92	209	13.042
XM_625080.6	1367	948.92	692	54.1947
XM_623910.6	2243	1824.92	435	17.7144
XM_006558700.3	2752	2333.92	163	5.19018
XM_001121126.5	2393	1974.92	278	10.4611
XM_001120914.5	2392	1973.92	118	4.44256
XM_003250964.4	1267	848.92	54	4.72724
XM_003250939.4	975	558.72	551	73.2889
XM_395538.7	621	273.823	38	10.3132
XM_001121010.5	2317	1898.92	439.878	17.215
XM_006562682.3	7235	6816.92	45.4281	0.495241
XM_006562684.3	5562	5143.92	594.668	8.59134
XM_006562683.3	2088	1669.92	5.02911	0.223808
XM_003250091.4	515	200.331	240	89.0315
XM_001119946.4	685	319.832	50	11.6179
XR_001702734.2	3447	3028.92	1	0.0245354
XM_026440189.1	2345	1926.92	287	11.0688
XM_392824.6	1503	1084.92	0	0
XM_006562665.3	3254	2835.92	119	3.11841
XM_006569373.3	511	197.856	397	149.115
XM_624343.6	1115	696.92	2798	298.363
XM_395928.7	2258	1839.92	228	9.20908
XR_407625.3	2303	1884.92	12	0.473117
XM_397526.7	976	559.657	4	0.531152
XR_003304541.1	3045	2626.92	4	0.11316
XM_016912026.2	2561	2142.92	5	0.173398
XM_625009.6	907	498.574	285	42.4811
XM_006567177.3	2142	1723.92	231	9.95807
XM_003250957.4	2537	2118.92	247	8.66289
XM_026440193.1	1372	953.92	130	10.1277
XM_016911654.2	516	200.959	2096	775.112
XR_003304542.1	873	469.012	610.521	96.7381
XM_395227.7	3431	3012.92	21.1658	0.522069
XM_006567111.3	1588	1169.92	93	5.90755
XM_001121747.5	753	372.755	121	24.1236
XM_006565139.3	891	484.453	1217	186.689
XM_026440195.1	4466	4047.92	96	1.76246
XM_392325.7	2552	2133.92	212	7.38309
XR_001702774.2	2386	1967.92	29	1.09514
XM_624304.5	1889	1470.92	360	18.1884
XM_016912029.2	1982	1563.92	271	12.8776
XM_395004.7	1269	850.92	487	42.5325
XM_393269.7	2107	1688.92	2	0.0880038
XM_003250102.4	1679	1260.92	21	1.23769
XR_003304553.1	1706	1287.92	6	0.346213
XM_003250103.4	1680	1261.92	103	6.06577
XM_006562680.3	2213	1794.92	169	6.99716
XM_395376.6	3398	2979.92	25	0.62347
XR_001702840.2	1657	1238.92	18	1.07972
XM_001120011.5	901	493.313	3102	467.305
XM_003249045.4	4023	3604.92	1695.59	34.9547
XM_026440197.1	1186	767.92	179	17.3228
XM_006567174.3	484	181.528	470	192.413
XM_394503.7	1703	1284.92	45	2.60266
XM_006565939.3	2970	2551.92	55	1.60168
XM_026440198.1	882	476.841	454	70.7559
XM_016912033.2	971	555.061	21	2.81163
XM_026440201.1	1176	757.92	1294	126.879
XM_026440202.1	2927	2508.92	27	0.799756
XM_001120250.5	1130	711.92	8	0.835101
XM_001123179.5	941	528.049	143	20.1253
XM_001121634.5	1475	1056.92	11	0.773448
XM_026440203.1	2871	2452.92	0	0
XM_624803.6	1062	643.92	2068	238.671
XR_003304557.1	779	391.305	443	84.1335
XM_001120883.5	999	580.92	45	5.75674
XM_623996.5	835	436.674	499	84.9226
XM_624237.5	1416	997.92	2110	157.133
XM_394517.7	1534	1115.92	268	17.8477
XM_392346.7	4729	4310.92	341	5.87848
XM_394516.6	2206	1787.92	149	6.19325
XM_003249659.4	3733	3314.92	345	7.7344
XM_006560591.3	1826	1407.92	497	26.2337
XR_408776.3	4547	4128.92	6	0.107993
XR_003304559.1	5648	5229.92	0	0
XM_625251.6	614	268.673	4503	1245.54
XM_026440206.1	2548	2129.92	3	0.104674
XR_003304562.1	1617	1198.92	0	0
XM_006558184.3	744	365.655	0	0
XM_003249048.4	883	477.657	0	0
XM_006562643.3	1892	1473.92	12	0.605045
XR_003304567.1	672	310.978	2	0.477948
XM_026440209.1	1502	1083.92	6	0.411372
XM_625258.6	949	534.985	0	0
XM_393156.7	9115	8696.92	288	2.46098
XM_624697.6	634	282.778	7469	1962.9
XR_001702771.2	2032	1613.92	58.5487	2.69597
XR_003304568.1	1401	982.92	9	0.680463
XM_624712.6	1270	851.92	766	66.8206
XM_006569379.3	2205	1786.92	226	9.39905
XM_016912040.2	981	564.396	1	0.131673
XR_003304570.1	392	131.147	1	0.566658
XM_026440212.1	2024	1605.92	0	0
XM_006569317.3	7563	7144.92	145	1.50817
XM_006569316.3	2665	2246.92	1442	47.6934
XM_001120915.5	2754	2335.92	159	5.05847
XM_395102.6	1384	965.92	123	9.46334
XM_006569329.3	1046	627.92	131	15.5041
XM_392666.7	1448	1029.92	981	70.7858
XR_411503.3	847	446.694	15	2.49552
XM_016911787.2	9264	8845.92	433	3.63769
XM_003250944.4	2021	1602.92	350	16.2269
XM_394485.7	1766	1347.92	74	4.07989
XM_394487.7	1484	1065.92	1026	71.5325
XM_392319.7	4421	4002.92	301	5.58818
XM_006567204.3	2721	2302.92	551	17.7809
XM_006557917.3	1516	1097.92	39	2.63982
XM_001121187.5	2198	1779.92	0	0
XR_003304571.1	3359	2940.92	1	0.0252695
XM_006567267.3	4704	4285.92	318	5.51396
XM_392445.7	3635	3216.92	3.00475	0.0694142
XM_026440223.1	5317	4898.92	131	1.98724
XM_006567266.3	2803	2384.92	1974	61.5111
XM_001121347.5	2569	2150.92	0	0
XM_003250952.4	4959	4540.92	207	3.38772
XM_394680.6	944	530.655	1605	224.772
XM_016911609.2	703	333.848	5974	1329.83
XM_001120198.5	2283	1864.92	458	18.251
XM_392446.7	1180	761.92	2635	257.011
XR_410888.3	1126	707.92	51	5.35385
XM_006567314.3	567	234.92	0	0
XR_003304572.1	4501	4082.92	0	0
XM_394492.7	5918	5499.92	72	0.972874
XM_394491.7	10332	9913.92	73	0.547215
XM_026440227.1	4707	4288.92	609	10.5524
XM_026440228.1	518	202.37	1	0.367227
XM_006569340.3	10110	9691.92	362.122	2.77668
XR_001702758.2	1199	780.92	16	1.52263
XR_003304573.1	3129	2710.92	1	0.0274135
XM_026440230.1	6503	6084.92	609	7.43777
XM_001120633.5	2190	1771.92	799	33.5107
XM_624590.6	732	356.507	2919	608.48
XM_016911769.2	10350	9931.92	39.0493	0.292187
XM_016911763.2	6209	5790.92	425	5.45408
XM_001122445.5	2758	2339.92	17	0.539919
XM_006558737.3	2880	2461.92	79	2.3847
XM_001122454.4	1024	605.92	105	12.8782
XR_408017.3	1729	1310.92	13.2106	0.748906
XM_026440235.1	6635	6216.92	225	2.6896
XM_001122546.5	4229	3810.92	246	4.79718
XM_026440239.1	1677	1258.92	149	8.79566
XM_001122571.5	1388	969.92	10	0.766204
XM_396350.5	1547	1128.92	1075	70.7662
XM_026440240.1	3065	2646.92	30	0.842288
XM_016911605.2	712	340.987	111	24.1917
XR_003304574.1	1195	776.92	4	0.382617
XM_026440245.1	369	118.803	1	0.625537
XM_016911799.2	6877	6458.92	22	0.25313
XM_392334.7	4386	3967.92	201	3.76455
XR_001702777.2	947	533.247	1	0.139365
XR_410289.3	2351	1932.92	4	0.153789
XR_003304575.1	2567	2148.92	0	0
XM_026440252.1	6473	6054.92	14	0.17183
XM_016911954.2	4881	4462.92	28	0.466251
XM_624243.4	1583	1164.92	17	1.08451
XM_393396.6	2063	1644.92	864	39.0346
XM_016911957.2	946	532.341	1677	234.112
XM_006560583.3	7025	6606.92	259	2.91327
XM_006560586.3	1889	1470.92	1805	91.1945
XR_001702764.2	2240	1821.92	90	3.67108
XR_408775.3	4313	3894.92	0	0
XR_001702769.2	428	149.385	21	10.447
XM_026440268.1	338	114.843	0	0
XM_395913.7	2384	1965.92	200	7.5604
XM_006567146.2	2182	1763.92	4736	199.532
XM_001122278.4	550	223.132	325	108.243
XM_392668.7	4792	4373.92	968.813	16.4607
XM_392669.6	1657	1238.92	6	0.359905
XM_026440272.1	1602	1183.92	4	0.251083
XM_016911625.2	785	395.985	394	73.9431
XM_393523.7	4672	4253.92	10	0.174699
XM_016911974.2	4132	3713.92	87	1.74087
XM_026440275.1	2261	1842.92	116	4.6777
XM_026440276.1	625	276.311	0	0
XM_026440277.1	3191	2772.92	44	1.17922
XM_006567294.3	3583	3164.92	45	1.05665
XM_026440285.1	2789	2370.92	14	0.438825
XM_026440287.1	2255	1836.92	42	1.69918
XM_016911620.2	27169	26750.9	2020	5.61168
XM_016911622.2	2726	2307.92	318	10.2397
XM_026440326.1	4554	4135.92	555	9.97244
XM_393267.7	3065	2646.92	5482.87	153.939
XM_393266.6	2069	1650.92	584	26.2886
XR_001702760.2	3926	3507.92	11	0.233036
XM_006558696.3	1389	970.92	3	0.229625
XM_003249334.4	1644	1225.92	1137	68.9253
XR_001702759.2	207	55.8484	2	2.66134
XM_026440328.1	4949	4530.92	42	0.68888
XM_006562632.3	4146	3727.92	10	0.199349
XM_026440332.1	1463	1044.92	33	2.34699
XM_026440337.1	2165	1746.92	5	0.212705
XR_003304577.1	1211	792.92	0	0
XR_001702748.2	2939	2520.92	1	0.0294796
XM_026440338.1	8841	8422.92	411	3.62627
XM_393324.7	1379	960.92	1270	98.2193
XM_026440350.1	5363	4944.92	335	5.03461
XM_006558658.3	3436	3017.92	438	10.7857
XM_394521.7	6503	6084.92	3265.93	39.8871
XM_006560544.2	3273	2854.92	148	3.85255
XM_016911661.2	2640	2221.92	940	31.4398
XM_026440356.1	2685	2266.92	318	10.4249
XR_408757.3	2585	2166.92	3	0.102887
XR_003304582.1	1275	856.92	0	0
XR_003304583.1	6766	6347.92	3	0.0351213
XM_003249651.4	2601	2182.92	62	2.11074
XM_006560552.3	2006	1587.92	73	3.41645
XM_393374.7	2333	1914.92	20	0.776175
XM_396816.6	7134	6715.92	94	1.04017
XM_016911866.2	2086	1667.92	15	0.668338
XR_003304584.1	4019	3600.92	49	1.01126
XR_003304586.1	3532	3113.92	66	1.57513
XR_409515.3	1138	719.92	0	0
XR_003304587.1	2116	1697.92	10	0.437687
XM_006562613.3	3740	3321.92	0	0
XM_003250097.4	4943	4524.92	355.763	5.84293
XM_006562623.3	4228	3809.92	9	0.175553
XM_016911983.2	2537	2118.92	690	24.2
XM_026440360.1	2037	1618.92	0	0
XM_006567171.3	2281	1862.92	1150	45.8758
XR_003304589.1	1548	1129.92	9.31946	0.612948
XM_016911802.2	2047	1628.92	33	1.50555
XM_394474.7	1922	1503.92	347	17.1469
XM_006567166.3	1509	1090.92	1101	75.0023
XM_016911806.2	6016	5597.92	81	1.07532
XM_016911807.2	1232	813.92	3290	300.396
XM_026440365.1	3569	3150.92	121	2.85383
XM_026440370.1	2135	1716.92	2251	97.433
XM_026440375.1	1773	1354.92	478	26.2177
XM_623922.6	1888	1469.92	146	7.38141
XM_026440380.1	1212	793.92	0	0
XM_026440384.1	1362	943.92	0	0
XM_026440386.1	1073	654.92	0	0
XM_026440388.1	1073	654.92	0	0
XM_001120871.5	7797	7378.92	512	5.15653
XM_396254.7	12895	12476.9	653.436	3.89203
XM_006562692.3	6087	5668.92	1087.21	14.2526
XM_001120913.5	1292	873.92	108	9.18401
XM_026440399.1	839	440.008	1	0.168896
XM_026440404.1	1601	1182.92	0	0
XM_003250093.4	395	132.979	1	0.558852
XR_003304593.1	6883	6464.92	0	0
XM_396180.7	3131	2712.92	156	4.27335
XM_006560602.3	1651	1232.92	589	35.5027
XM_006560599.3	3610	3191.92	911	21.2103
XM_006560597.3	3548	3129.92	396	9.40248
XM_006560596.3	1649	1230.92	276	16.6632
XM_393572.7	2994	2575.92	136	3.92362
XM_026440409.1	2933	2514.92	535	15.8092
XM_006560603.3	1085	666.92	2496	278.132
XM_026440410.1	8973	8554.92	11	0.0955558
XM_026440411.1	2904	2485.92	206.94	6.18639
XM_026440412.1	2920	2501.92	174	5.1684
XM_006560606.3	1592	1173.92	59	3.73503
XM_006560605.3	802	409.732	1.0603	0.192313
XR_001702684.2	1719	1300.92	204	11.6536
XR_001702689.2	1876	1457.92	16.6617	0.849312
XR_003304594.1	901	493.313	1	0.150646
XM_006558738.3	4525	4106.92	394.945	7.14662
XM_623905.6	1151	732.92	221	22.4087
XR_003304595.1	2399	1980.92	174	6.52774
XM_006558668.3	11457	11038.9	7	0.0471251
XM_006558663.3	4516	4097.92	299	5.42236
XM_006558669.3	1761	1342.92	30	1.66017
XM_026440418.1	2505	2086.92	2	0.0712204
XM_026440419.1	1946	1527.92	194	9.43586
XM_624864.5	1840	1421.92	386	20.174
XM_026440423.1	1556	1137.92	434	28.3438
XM_016911859.2	1815	1396.92	8	0.425597
XM_016911832.2	6248	5829.92	212	2.70243
XM_394464.7	4985	4566.92	401	6.52531
XM_624133.6	6103	5684.92	45	0.588259
XM_026440427.1	5659	5240.92	58	0.822434
XM_003250942.4	5384	4965.92	104	1.55637
XM_006567224.3	1125	706.92	635	66.755
XM_006565424.3	13776	13357.9	270.132	1.50286
XM_006565940.3	2805	2386.92	7183	223.639
XM_026440435.1	1224	805.92	38	3.50406
XM_392330.7	602	259.655	7965	2279.66
XM_394527.7	3690	3271.92	170	3.86124
XM_006558670.3	2102	1683.92	58	2.55969
XR_003304597.1	11330	10911.9	0	0
XR_003304599.1	5441	5022.92	0	0
XM_016911884.2	4303	3884.92	325	6.21701
XR_003304602.1	4123	3704.92	3	0.0601759
XR_003304603.1	4818	4399.92	3.01701	0.050958
XR_003304605.1	3630	3211.92	5	0.115687
XR_003304606.1	1488	1069.92	0	0
XM_026440438.1	4669	4250.92	1187	20.7514
XM_623752.6	4014	3595.92	140	2.89333
XM_026440442.1	594	253.673	1034	302.92
XM_006561981.3	1693	1274.92	1052	61.3216
XM_026440443.1	20138	19719.9	3865.77	14.5684
XR_001702700.2	836	437.578	43	7.30287
XM_006569299.3	4999	4580.92	113.796	1.8461
XM_026440452.1	2641	2222.92	3076	102.835
XM_026440455.1	6495	6076.92	379.307	4.6386
XM_006569290.3	3230	2811.92	4013	106.059
XM_006569295.3	3316	2897.92	474	12.1555
XM_006557341.3	4390	3971.92	212	3.96658
XM_016911809.2	13118	12699.9	7625.04	44.6192
XM_003249946.4	4015	3596.92	411	8.49164
XM_026440476.1	612	267.178	166	46.173
XM_006561971.3	2899	2480.92	254	7.60854
XM_016911775.2	8230	7811.92	253.311	2.40977
XM_392698.7	1815	1396.92	9	0.478797
XM_006562333.3	1711	1292.92	0	0
XR_003304628.1	6796	6377.92	0	0
XM_006561970.3	1674	1255.92	0	0
XM_026440491.1	1704	1285.92	1	0.0577918
XM_006561964.3	1688	1269.92	1	0.05852
XM_026440492.1	969	553.249	0	0
XM_026440493.1	561	230.449	0	0
XM_026440494.1	510	197.341	0	0
XR_003304629.1	2267	1848.92	4	0.160776
XR_003304632.1	979	562.523	0	0
XM_001122055.5	6788	6369.92	488.047	5.69387
XM_026440495.1	2220	1801.92	284.983	11.7534
XM_026440503.1	2643	2224.92	48	1.60327
XM_006562006.3	2097	1678.92	943	41.7409
XM_026440515.1	1066	647.92	1087	124.678
XR_003304633.1	119	24.4922	7.4743	22.679
XR_003304634.1	215	59.4308	2	2.50091
XR_003304635.1	215	59.4308	58	72.5265
XR_003304636.1	138	24.3419	2	6.10599
XM_006562148.3	6504	6085.92	157.002	1.91716
XM_006562150.3	3117	2698.92	17	0.468101
XM_006562151.3	2196	1777.92	824	34.4426
XM_394546.6	2061	1642.92	138	6.24228
XM_026440547.1	4644	4225.92	171	3.00715
XM_003249965.4	3046	2627.92	26	0.735261
XM_394547.7	3682	3263.92	7	0.159382
XR_409313.3	5203	4784.92	8.0071	0.12436
XR_003304638.1	2634	2215.92	3	0.100611
XM_006564205.3	11180	10761.9	99	0.683637
XM_026440555.1	5164	4745.92	3209	50.2493
XM_006567684.3	2634	2215.92	268	8.98796
XM_016912402.2	1593	1174.92	395	24.9844
XM_006569940.3	8486	8067.92	352	3.24236
XM_001122059.5	1617	1198.92	994	61.6136
XM_026440561.1	844	444.086	20	3.3469
XM_006569950.3	624	275.954	1664	448.123
XM_006569951.2	3704	3285.92	1092	24.6971
XM_016912182.2	3346	2927.92	265	6.72616
XR_411701.2	2494	2075.92	8	0.286391
XR_003304639.1	4900	4481.92	2	0.0331624
XR_001702921.2	1548	1129.92	7	0.460395
XR_001702923.2	6573	6154.92	13	0.156964
XR_003304640.1	6018	5599.92	19	0.252146
XM_395525.7	4851	4432.92	589	9.87429
XM_394892.7	2417	1998.92	296	11.0047
XM_392849.7	1444	1025.92	99	7.17137
XM_026440572.1	1344	925.92	520	41.736
XM_006567712.3	3618	3199.92	232	5.38802
XM_016912198.2	3619	3200.92	41	0.951896
XM_006567701.3	2082	1663.92	67	2.99242
XM_016912203.2	737	360.394	65	13.4035
XM_026440576.1	476	176.55	485	204.153
XM_006567692.3	612	267.178	5214	1450.28
XM_001121783.5	3576	3157.92	57	1.34139
XM_001120450.4	3650	3231.92	2	0.0459886
XM_006557901.3	3230	2811.92	421	11.1265
XM_394542.7	5248	4829.92	55	0.846259
XM_394543.7	1671	1252.92	208	12.3373
XM_006562152.3	642	288.849	1114	286.612
XM_006567675.3	2679	2260.92	181	5.94941
XM_392383.7	1504	1085.92	667	45.6466
XM_624888.6	6349	5930.92	21	0.263134
XM_392584.5	8484	8065.92	0	0
XM_624899.5	3341	2922.92	0	0
XM_006567922.3	1669	1250.92	0	0
XM_026440586.1	1265	846.92	2581	226.478
XM_026440588.1	1610	1191.92	897	55.9275
XM_393085.7	1156	737.92	1187	119.542
XM_006572291.3	631	280.645	13	3.44244
XM_006569496.3	2233	1814.92	45	1.84262
XM_026440591.1	4093	3674.92	1116	22.5682
XM_006564197.3	1544	1125.92	65	4.29029
XM_006564195.3	1884	1465.92	176	8.92242
XM_026440599.1	2389	1970.92	2	0.0754122
XM_016912113.2	6377	5958.92	513	6.39779
XM_026440605.1	2233	1814.92	39	1.59694
XM_026440609.1	1850	1431.92	942	48.8892
XM_395892.7	1720	1301.92	859	49.0331
XM_006570229.3	1013	594.92	537	67.0805
XM_006570234.3	920	509.753	195	28.4286
XM_006570233.3	651	295.806	1	0.251231
XM_026440610.1	443	157.252	3	1.41777
XM_001121144.4	813	418.32	585	103.927
XM_026440611.1	338	114.843	0	0
XM_016912098.2	12226	11807.9	2971.56	18.7022
XM_016912108.2	4271	3852.92	42	0.810102
XM_006570238.3	4416	3997.92	1254	23.3101
XM_393224.7	2568	2149.92	306	10.5774
XM_026440616.1	1109	690.92	70	7.52923
XM_026440617.1	1086	667.92	515	57.3011
XM_006570236.3	857	455.238	641	104.641
XM_396465.6	604	261.219	3757	1068.85
XM_026440619.1	7316	6897.92	94	1.01272
XM_006564740.3	4983	4564.92	81	1.31866
XM_006564738.3	1317	898.92	0	0
XM_003250478.4	1673	1254.92	2134	126.374
XR_001703097.2	2269	1850.92	1	0.0401507
XM_016912248.2	1685	1266.92	297	17.4216
XM_006570257.3	1780	1361.92	0	0
XM_396012.7	1153	734.92	1005	101.626
XM_001122727.4	713	341.763	266	57.8411
XM_026440622.1	3365	2946.92	174	4.38795
XM_006567608.3	1463	1044.92	86	6.1164
XM_006567609.3	1461	1042.92	487	34.7023
XM_016912430.2	823	426.728	10	1.74152
XM_026440628.1	1576	1157.92	3	0.192541
XM_624935.5	732	356.507	1412	294.338
XR_003304643.1	661	303.093	0	0
XM_001122139.5	881	476.042	61	9.52281
XM_026440630.1	1080	661.92	312	35.0291
XM_393357.7	2275	1856.92	471	18.8499
XR_003304644.1	23523	23104.9	26.0215	0.0836966
XM_393080.7	2700	2281.92	151	4.91764
XM_395357.6	3749	3330.92	617	13.7658
XM_006564734.3	5245	4826.92	121.868	1.87629
XR_120206.4	6974	6555.92	7	0.0793496
XM_006569500.3	3654	3235.92	255	5.85629
XM_026440634.1	2493	2074.92	134	4.79937
XM_392391.6	1123	704.92	785	82.7581
XM_006569507.3	2514	2095.92	44	1.56012
XM_006564729.3	7360	6941.92	130	1.3917
XM_016912356.2	3469	3050.92	0	0
XM_392365.5	1496	1077.92	140	9.6521
XM_026440635.1	9801	9382.92	124	0.982119
XM_006567722.3	2636	2217.92	167	5.59566
XM_006567719.3	2218	1799.92	27.5917	1.13922
XM_001123128.5	1019	600.92	284	35.1222
XM_001123131.5	1464	1045.92	532	37.8002
XM_026440644.1	3181	2762.92	137.408	3.69594
XM_026440645.1	258	77.3464	18	17.2947
XM_003250637.4	7934	7515.92	144.61	1.42987
XM_001122035.5	8705	8286.92	1267	11.3622
XM_026440646.1	4333	3914.92	6170	117.123
XM_026440647.1	4125	3706.92	974	19.5266
XM_393007.7	759	377.066	725	142.89
XM_006570255.3	1263	844.92	41	3.60619
XM_001121383.5	5847	5428.92	47	0.643376
XM_396462.7	1792	1373.92	408	22.0688
XM_396003.7	1673	1254.92	303	17.9435
XM_006570243.3	1859	1440.92	203	10.4698
XM_625222.4	1414	995.92	48	3.58177
XM_625157.5	4704	4285.92	156	2.70496
XM_026440653.1	5228	4809.92	233	3.59997
XM_001121319.5	2859	2440.92	2792	85.0046
XM_001122713.5	1331	912.92	13	1.05826
XM_001122704.5	1722	1303.92	70	3.98958
XM_026440656.1	978	561.565	1	0.132337
XR_003304648.1	500	191.21	0	0
XM_006569918.3	3220	2801.92	67	1.77705
XM_006569915.3	1482	1063.92	120	8.3821
XM_001122458.5	1403	984.92	11	0.829989
XM_006569907.3	1901	1482.92	60	3.00687
XM_006559781.3	1683	1264.92	163	9.57646
XM_397369.6	2195	1776.92	52	2.17478
XM_006559780.3	1010	591.92	238	29.8809
XM_006567754.2	2371	1952.92	2256	85.849
XM_001121167.5	1467	1048.92	81	5.73883
XM_026440663.1	4713	4294.92	95	1.6438
XM_623861.6	1452	1033.92	650	46.7204
XM_623834.5	1255	836.92	394	34.9859
XM_392874.7	6584	6165.92	427	5.14648
XM_396815.6	4234	3815.92	549	10.6919
XR_001703102.2	4181	3762.92	35	0.691231
XM_624823.6	793	402.432	564	104.152
XM_006564206.3	6004	5585.92	890	11.8407
XM_026440664.1	1884	1465.92	726	36.805
XM_624950.5	3406	2987.92	133	3.30798
XM_006564210.3	1237	818.92	4553	413.177
XM_003250386.4	520	203.712	200	72.9614
XM_016912074.2	3653	3234.92	216	4.96216
XM_003250384.4	2293	1874.92	441	17.4798
XM_006564211.3	964	548.719	268	36.2965
XM_006564226.3	1240	821.92	359	32.4598
XM_396990.7	4588	4169.92	438	7.80597
XM_026440668.1	2111	1692.92	691	30.3335
XM_003250385.4	2031	1612.92	203	9.35327
XM_006562120.3	4481	4062.92	386	7.0604
XR_409297.3	1513	1094.92	34	2.30769
XM_003250634.4	2285	1866.92	66	2.62723
XM_006565570.3	1428	1009.92	946	69.6121
XM_394564.5	2477	2058.92	96	3.46507
XM_026440675.1	3691	3272.92	1044	23.7053
XM_026440684.1	1041	622.92	3508	418.512
XM_396416.7	3526	3107.92	711	17.0012
XM_016912081.2	1648	1229.92	249	15.0454
XM_006564745.3	947	533.247	870	121.247
XM_393196.7	1336	917.92	186	15.0587
XM_624756.6	3769	3350.92	331	7.34082
XM_006567904.3	1486	1067.92	587	40.8488
XM_006567909.3	1024	605.92	199	24.4072
XM_624757.5	744	365.655	158	32.1119
XM_392359.7	3510	3091.92	302	7.2587
XR_001702910.2	2111	1692.92	23	1.00965
XM_392379.6	2169	1750.92	1506	63.9203
XM_006567755.3	1235	816.92	102	9.279
XM_006567756.3	1206	787.92	0	0
XR_410965.3	1000	581.92	14	1.78791
XM_006561057.3	2615	2196.92	91	3.07828
XM_016912393.2	2038	1619.92	8	0.367009
XM_623649.5	3936	3517.92	572	12.0834
XM_026440687.1	3430	3011.92	39	0.96228
XM_006559776.3	1553	1134.92	289	18.924
XM_006567875.3	4439	4020.92	445	8.2246
XM_006570188.3	1634	1215.92	7	0.427832
XM_396035.6	1977	1558.92	125	5.95891
XM_026440690.1	1480	1061.92	289	20.2249
XM_026440691.1	1236	817.92	326	29.6201
XM_625181.6	2250	1831.92	89	3.61047
XM_392371.7	4024	3605.92	315	6.49195
XR_003304652.1	5597	5178.92	5	0.0717482
XR_411029.3	3195	2776.92	199.574	5.34099
XR_003304661.1	11615	11196.9	15	0.0995573
XM_006572113.3	6423	6004.92	82	1.01482
XM_026440692.1	2299	1880.92	10	0.395103
XM_394584.7	2341	1922.92	312	12.058
XM_392374.7	1517	1098.92	84	5.68059
XM_396310.6	6978	6559.92	107	1.21218
XM_006564216.3	435	153.203	135	65.4859
XR_001702929.2	1354	935.92	1	0.0794039
XM_026440694.1	5689	5270.92	559	7.88144
XR_411691.3	1099	680.92	11	1.20054
XM_006561063.3	7661	7242.92	187	1.91871
XR_408820.2	1326	907.92	11	0.900379
XM_394578.6	6524	6105.92	97.1291	1.18217
XM_394577.7	1441	1022.92	1055	76.6463
XR_411007.3	3621	3202.92	1	0.0232025
XR_001703091.2	4689	4270.92	1	0.0174004
XM_006571901.3	4507	4088.92	145	2.63536
XM_395132.7	2081	1662.92	1376	61.4933
XR_411694.3	1213	794.92	6	0.560929
XM_624700.6	1789	1370.92	302	16.371
XM_026440700.1	1629	1210.92	3	0.184114
XM_003251031.4	2293	1874.92	16	0.634187
XM_624575.5	1528	1109.92	271	18.145
XM_624612.5	1283	864.92	102	8.76405
XM_006567698.3	1214	795.92	508	47.4324
XM_006559775.3	1548	1129.92	816	53.6689
XR_003304669.1	5231	4812.92	7	0.108086
XM_006557903.3	7722	7303.92	48.0207	0.488599
XR_001703192.2	2426	2007.92	15	0.555169
XM_026440703.1	4200	3781.92	20	0.393005
XM_006570258.2	1706	1287.92	1065	61.4527
XM_006569936.3	6164	5745.92	97	1.25456
XM_001120824.5	3591	3172.92	456	10.6804
XR_001703122.2	5004	4585.92	20	0.324104
XR_411652.3	3970	3551.92	36	0.753216
XM_396132.7	5844	5425.92	84	1.1505
XM_016912380.2	8032	7613.92	26	0.253773
XM_016912116.2	2111	1692.92	36	1.58033
XM_026440706.1	810	416.146	0	0
XM_001120336.5	2182	1763.92	68	2.86491
XM_003251401.4	1481	1062.92	763	53.3463
XM_397127.6	973	556.88	1221	162.942
XM_624134.5	3460	3041.92	95	2.3209
XR_409927.3	1201	782.92	32.2887	3.06488
XM_392667.7	1018	599.92	1555	192.627
XM_026440708.1	1589	1170.92	2	0.126936
XM_397264.6	2220	1801.92	51	2.10337
XM_395429.6	1868	1449.92	279	14.3001
XM_396096.7	2643	2224.92	17	0.567826
XM_016912404.2	3457	3038.92	39	0.953731
XM_006567740.2	1626	1207.92	171	10.5205
XR_410955.3	5283	4864.92	44	0.672136
XM_395689.7	2041	1622.92	236	10.8068
XM_026440712.1	1703	1284.92	377	21.8045
XM_016912115.2	804	411.364	237	42.8156
XM_003251463.4	3875	3456.92	96	2.06377
XM_392388.7	3912	3493.92	180	3.8286
XM_006564189.3	9236	8817.92	40	0.337112
XR_001703164.2	1776	1357.92	7	0.383093
XM_016912216.2	1708	1289.92	4356	250.961
XM_397468.7	2690	2271.92	830	27.1497
XM_003250484.4	2672	2253.92	30	0.989152
XM_003250483.4	6180	5761.92	1295	16.7026
XM_026440717.1	1777	1358.92	0	0
XM_026440718.1	542	217.781	234	79.8503
XM_395563.7	4174	3755.92	236	4.66956
XR_001703104.2	577	241.717	6	1.8447
XR_003304682.1	686	320.623	2	0.463571
XM_393222.7	2676	2257.92	580	19.0897
XM_393223.7	1658	1239.92	968	58.0179
XM_026440719.1	1850	1431.92	1504	78.0566
XM_026440722.1	1809	1390.92	113	6.03749
XM_026440725.1	1151	732.92	1500	152.095
XM_397589.7	915	505.293	1968	289.443
XM_026440726.1	1742	1323.92	23	1.29106
XM_003251098.4	4995	4576.92	114	1.85102
XM_396579.5	2595	2176.92	20	0.68276
XM_625140.6	3359	2940.92	488	12.3315
XM_001120264.5	2296	1877.92	412	16.3042
XM_026440727.1	1200	781.92	130	12.3555
XM_006561077.3	2316	1897.92	49	1.91866
XM_396142.7	2188	1769.92	989	41.5263
XM_001120635.5	2289	1870.92	786	31.2211
XM_006557221.3	3610	3191.92	60	1.39695
XM_016912411.2	1175	756.92	292	28.6691
XM_394552.7	4986	4567.92	779	12.6736
XM_026440730.1	1125	706.92	0	0
XR_003304683.1	541	217.134	0	0
XM_026440731.1	2490	2071.92	0	0
XM_016912421.2	2734	2315.92	13	0.417158
XM_006572025.3	1736	1317.92	131	7.38691
XM_395016.7	2980	2561.92	184	5.33744
XR_003304684.1	699	330.571	16	3.59696
XM_395074.7	2352	1933.92	222	8.5309
XM_026440741.1	4258	3839.92	1153	22.3145
XM_006569902.3	3944	3525.92	122	2.57139
XM_623877.6	2567	2148.92	171	5.91366
XM_006569901.3	6704	6285.92	259	3.06204
XM_003251416.4	1470	1051.92	354.281	25.0291
XM_016912208.2	1982	1563.92	54.4615	2.58795
XM_026440745.1	1915	1496.92	12.2572	0.608519
XM_625143.6	1057	638.92	0	0
XM_003251423.4	840	440.837	51	8.59751
XR_003304685.1	250	74.0818	0	0
XM_006560014.2	688	322.113	3706	855.023
XM_006569900.3	3008	2589.92	241	6.9153
XM_625116.6	418	143.948	1000	516.266
XM_026440747.1	1694	1275.92	76	4.4266
XM_016912415.2	1325	906.92	295	24.1732
XM_001121664.5	956	541.322	1383	189.866
XM_394559.5	847	446.694	2930	487.459
XM_026440748.1	3610	3191.92	5	0.116412
XM_394608.7	2239	1820.92	566	23.0997
XM_393586.7	1969	1550.92	328	15.7168
XM_625206.6	1214	795.92	965	90.1028
XM_026440750.1	8872	8453.92	301	2.64599
XM_026440757.1	3704	3285.92	62	1.40222
XM_006570227.3	2101	1682.92	467	20.6221
XM_003251462.4	4484	4065.92	862	15.7554
XM_001121602.5	3252	2833.92	62	1.62587
XM_625269.6	2139	1720.92	3	0.129551
XM_006562172.3	1163	744.92	1458	145.455
XM_003249975.4	852	451.027	868	143.02
XM_623068.6	1948	1529.92	74	3.59454
XM_026440763.1	1197	778.92	591	56.3865
XM_623712.6	2062	1643.92	464	20.9758
XM_006569933.3	1303	884.92	356	29.8969
XM_623915.6	3213	2794.92	79	2.10057
XM_026440764.1	1349	930.92	266	21.2349
XM_006564746.2	2520	2101.92	570	20.153
XM_006567746.3	2077	1658.92	657	29.432
XM_001121223.5	1496	1077.92	385	26.5433
XM_026440765.1	3666	3247.92	399.616	9.14362
XM_006562160.3	4969	4550.92	45	0.734842
XM_006562156.3	2376	1957.92	407	15.4483
XM_006562166.2	6999	6580.92	17.0173	0.19217
XM_394536.5	1623	1204.92	1006	62.0469
XM_026440776.1	3099	2680.92	436.384	12.0967
XM_001121088.5	1054	635.92	48	5.60944
XM_624481.6	825	428.41	586	101.653
XM_003249970.4	515	200.331	1646	610.607
XR_409317.3	1229	810.92	0	0
XM_392370.6	5190	4771.92	321	4.99911
XM_003251062.4	1109	690.92	16	1.72097
XM_003251064.4	2140	1721.92	144	6.21484
XM_003251065.4	1049	630.92	4	0.471158
XR_003304686.1	228	65.479	0	0
XM_394574.7	2657	2238.92	378	12.5468
XM_625155.5	807	413.691	41	7.36526
XM_395296.7	5029	4610.92	282	4.54508
XM_003251050.4	3379	2960.92	230	5.77273
XM_026440782.1	3283	2864.92	183	4.747
XM_006567816.3	3188	2769.92	152	4.07809
XM_026440786.1	2282	1863.92	190	7.57542
XM_006567801.3	2297	1878.92	269	10.6396
XM_003251058.4	1922	1503.92	4	0.197659
XM_006567817.3	1496	1077.92	481	33.1619
XM_625180.4	1907	1488.92	94	4.69177
XM_016912138.2	1411	992.92	34	2.54475
XM_003251051.4	1188	769.92	660	63.7058
XM_016912141.2	1106	687.92	1108	119.697
XM_392368.7	1670	1251.92	1781	105.723
XM_006567820.3	3022	2603.92	2138.46	61.0316
XR_001702879.2	918	507.94	0	0
XR_003304687.1	1649	1230.92	0	0
XR_001702880.2	1954	1535.92	3	0.145155
XR_003304689.1	2973	2554.92	0	0
XR_003304692.1	3362	2943.92	16	0.403901
XM_006571885.3	1849	1430.92	274	14.2304
XM_003251780.4	2268	1849.92	596	23.9427
XM_026440790.1	2264	1845.92	13	0.523372
XM_026440792.1	1829	1410.92	1024	53.9359
XM_001122854.5	1458	1039.92	404	28.871
XM_016912431.2	3886	3467.92	91.2261	1.95493
XM_026440795.1	3990	3571.92	135	2.80875
XM_624889.6	4679	4260.92	164	2.86036
XM_394859.7	1112	693.92	217	23.2397
XM_397248.7	1927	1508.92	901	44.3751
XM_001120140.5	897	489.776	192	29.1329
XM_026440802.1	1486	1067.92	1655	115.17
XM_006567771.3	7376	6957.92	133	1.42054
XM_006567774.3	6128	5709.92	111.187	1.44712
XM_392377.7	2589	2170.92	99	3.389
XM_392378.7	1213	794.92	422	39.452
XR_001702869.2	5809	5390.92	0	0
XM_006567738.3	2876	2457.92	222	6.71221
XR_407433.3	395	132.979	4	2.23541
XM_026440817.1	990	572.699	416	53.9818
XM_026440818.1	14179	13760.9	429.087	2.31728
XM_006557226.2	2997	2578.92	279	8.03983
XM_006567707.3	1922	1503.92	157	7.7581
XM_026440825.1	736	359.586	380	78.5345
XM_016912202.2	2933	2514.92	45	1.32975
XM_003251035.4	908	499.492	2	0.297565
XM_026440826.1	16383	15964.9	6150	28.6279
XM_026440829.1	4813	4394.92	6991	118.214
XM_003251353.4	2690	2271.92	95	3.1075
XM_006572109.3	1840	1421.92	230	12.0208
XM_006567708.3	1923	1504.92	17	0.839491
XR_411683.3	3882	3463.92	150	3.21813
XM_006557224.3	2754	2335.92	0	0
XR_003304694.1	885	479.376	4	0.620104
XR_001703177.2	3561	3142.92	39	0.922171
XM_003251483.3	1855	1436.92	34	1.75844
XM_624240.6	1577	1158.92	386	24.7522
XM_006569482.3	887	481.038	1178	181.989
XM_026440835.1	2088	1669.92	281	12.5052
XM_026440836.1	1226	807.92	785	72.2074
XM_624560.6	1784	1365.92	338	18.3896
XM_003251785.4	814	419.117	101	17.9088
XM_001122405.5	1954	1535.92	77	3.72565
XM_003251063.4	1099	680.92	4	0.43656
XM_026440838.1	2623	2204.92	608	20.4923
XR_003304697.1	221	62.5786	0	0
XM_006572019.3	1520	1101.92	4427	298.566
XM_016912255.2	2122	1703.92	136	5.93158
XM_394533.7	7164	6745.92	29	0.319475
XM_001120386.5	2875	2456.92	94	2.84326
XM_001120449.5	1750	1331.92	0	0
XM_001119836.5	5813	5394.92	376	5.17945
XM_026440841.1	789	399.325	1	0.186103
XR_001702978.2	1146	727.92	25.0671	2.55918
XM_026440842.1	1301	882.92	152	12.7939
XM_625095.6	836	437.578	1839	312.325
XM_623578.5	2239	1820.92	230	9.3868
XM_392679.7	2379	1960.92	701.969	26.6035
XM_395223.7	5156	4737.92	165	2.58807
XM_003251072.3	2742	2323.92	288	9.20983
XM_623524.6	1841	1422.92	864	45.1246
XM_003251073.4	1021	602.92	40	4.93038
XM_624981.5	1084	665.92	335	37.3855
XM_625035.5	1215	796.92	236	22.0079
XM_395224.6	990	572.699	549	71.2404
XM_001121920.5	594	253.673	61	17.8705
XM_001120695.5	463	169.02	267	117.396
XM_001122081.5	2300	1881.92	225	8.88509
XM_623914.6	1638	1219.92	812	49.4658
XM_396580.7	2620	2201.92	178	6.00757
XM_006571895.3	798	406.362	751	137.343
XM_624540.6	627	277.742	364	97.3957
XM_623360.6	1735	1316.92	316	17.8323
XM_003251028.4	738	361.077	448	92.2059
XM_624318.6	2030	1611.92	1307	60.2577
XM_026440844.1	3429	3010.92	39	0.9626
XM_397095.6	2462	2043.92	626	22.761
XM_623359.6	2234	1815.92	0	0
XM_624604.6	974	557.776	990	131.903
XM_003251040.4	1444	1025.92	114	8.25794
XM_026440845.1	1183	764.92	321	31.1867
XM_623736.5	1239	820.92	283	25.6192
XM_396099.6	1101	682.92	780	84.88
XM_026440846.1	1839	1420.92	531	27.7719
XM_001120403.5	484	181.528	123	50.3548
XM_395899.6	1090	671.92	229	25.3279
XM_003251081.4	3488	3069.92	123	2.97755
XM_397205.7	2059	1640.92	702	31.7929
XM_392588.7	1771	1352.92	2121	116.506
XM_001121086.5	882	476.841	341	53.1449
XM_003251413.4	1269	850.92	1	0.0873357
XR_411676.3	537	214.551	0	0
XR_120169.4	3386	2967.92	81	2.02821
XM_006567648.3	2568	2149.92	284	9.81695
XM_003251422.4	601	258.874	0	0
XM_016912453.2	2190	1771.92	124	5.20065
XM_395694.6	2778	2359.92	200	6.29815
XM_006567636.3	2789	2370.92	75	2.35085
XM_624824.6	1169	750.92	615	60.8642
XM_016912262.2	1222	803.92	304	28.1023
XM_006567634.3	1998	1579.92	77	3.6219
XR_410929.3	3957	3538.92	161	3.38093
XR_001702979.2	2403	1984.92	2	0.0748803
XM_016912444.2	1322	903.92	202	16.6074
XR_410062.3	235	68.102	224	244.438
XM_006567700.3	2288	1869.92	345	13.7112
XM_006562192.3	1633	1214.92	542	33.1537
XM_001121320.5	921	510.636	336	48.8999
XM_395902.7	992	574.541	1220	157.804
XM_397030.5	1458	1039.92	165	11.7914
XM_006567896.3	939	526.281	941	132.878
XM_001121636.5	2849	2430.92	243	7.42875
XM_397202.7	1858	1439.92	301	15.5349
XM_624573.5	1115	696.92	338	36.0424
XM_026440854.1	2181	1762.92	271	11.424
XM_397201.7	1092	673.92	1263	139.276
XM_623143.6	1874	1455.92	5133	262.008
XM_396160.7	2262	1843.92	146	5.88425
XM_003251077.4	1672	1253.92	226	13.3943
XM_006567877.3	1933	1514.92	2	0.0981117
XM_006567878.3	1555	1136.92	144	9.41267
XM_016912457.2	5501	5082.92	2	0.0292413
XM_394587.7	8946	8527.92	431.195	3.7576
XR_410987.3	530	209.981	13	4.60092
XM_006572293.3	2211	1792.92	0	0
XR_003304704.1	329	110.241	0	0
XM_026440864.1	3238	2819.92	2	0.0527076
XM_006572022.3	1436	1017.92	356	25.9906
XM_026440867.1	3070	2651.92	0	0
XM_396204.7	2222	1803.92	185	7.6214
XM_006559786.3	1262	843.92	493	43.4136
XM_026440869.1	2049	1630.92	0	0
XM_625161.6	1310	891.92	717	59.7412
XM_006569928.3	2045	1626.92	196	8.95304
XM_001122374.5	656	299.4	573	142.227
XM_392575.7	1321	902.92	166	13.6628
XM_026440871.1	4645	4226.92	1193	20.9748
XM_026440872.1	713	341.763	0	0
XM_026440873.1	3921	3502.92	0	0
XM_026440874.1	912	502.728	0	0
XM_026440875.1	936	523.612	0	0
XM_026440877.1	1136	717.92	0	0
XM_006562200.3	2262	1843.92	0	0
XM_026440878.1	4377	3958.92	83	1.55805
XM_001120874.4	1663	1244.92	45	2.68628
XM_026440879.1	3339	2920.92	0	0
XM_026440880.1	1098	679.92	32	3.49762
XM_026440881.1	963	547.802	1	0.135662
XM_016912135.2	1146	727.92	7	0.714652
XM_026440882.1	443	157.252	0	0
XM_006567789.3	3813	3394.92	6	0.131342
XM_026440883.1	3654	3235.92	2	0.0459317
XM_026440884.1	2756	2337.92	2	0.0635742
XM_026440885.1	3297	2878.92	7	0.180696
XM_394855.6	2324	1905.92	0	0
XR_001703171.2	563	231.939	18	5.76739
XM_026440886.1	2178	1759.92	32	1.35126
XM_396005.7	1502	1083.92	433	29.6873
XM_026440888.1	2980	2561.92	71	2.05955
XM_026440889.1	5249	4830.92	228	3.5074
XM_026440890.1	3537	3118.92	1414	33.6919
XM_026440891.1	5124	4705.92	118	1.86345
XM_006569931.3	1365	946.92	726	56.9775
XM_026440892.1	1358	939.92	168	13.2831
XM_026440893.1	1390	971.92	22	1.68218
XM_006564215.2	1193	774.92	190	18.2212
XM_006564214.3	875	470.819	8	1.26275
XM_396810.7	1731	1312.92	449	25.4149
XM_623875.6	1196	777.92	321	30.6655
XM_026440896.1	1015	596.92	1280	159.358
XM_026440898.1	2879	2460.92	37	1.11734
XM_003250482.4	1525	1106.92	100	6.71373
XM_001121801.5	1533	1114.92	244	16.264
XM_001120503.5	3566	3147.92	179	4.22581
XM_006569927.3	633	281.967	19	5.00768
XM_006562189.3	2541	2122.92	446	15.6128
XM_003249513.4	729	354.202	680	142.672
XM_026440901.1	701	332.18	3041	680.336
XM_006564177.3	2898	2479.92	52	1.55828
XM_625123.6	1478	1059.92	47	3.29538
XM_624314.5	2227	1808.92	19	0.780575
XM_026440902.1	1434	1015.92	611	44.6953
XM_394980.7	1441	1022.92	148	10.7523
XR_408518.3	410	140.913	20	10.5477
XM_003251083.4	1004	585.92	5829	739.326
XM_624698.6	521	204.354	217	78.9144
XM_006562187.3	2357	1938.92	8	0.306627
XM_624253.5	591	251.577	4196	1239.49
XM_006564737.3	819	423.384	104	18.2549
XM_026440904.1	1766	1347.92	79	4.35555
XM_006564792.3	1151	732.92	620	62.866
XM_006564194.3	4406	3987.92	0	0
XM_026440905.1	463	169.02	0	0
XM_397125.7	1951	1532.92	80	3.87838
XM_026440907.1	1398	979.92	0	0
XM_006569896.3	1816	1397.92	13	0.691101
XM_006569897.3	3745	3326.92	3.00305	0.0670811
XM_393017.7	1731	1312.92	1270	71.8863
XM_026440911.1	1927	1508.92	107	5.26985
XM_016912470.2	1305	886.92	22	1.8434
XM_026440912.1	888	481.804	121	18.6636
XM_001120111.5	3287	2868.92	0	0
XR_001703184.2	2363	1944.92	0	0
XM_026440913.1	5919	5500.92	0	0
XM_026440914.1	294	93.1257	0	0
XM_001120636.5	636	284.209	481	125.773
XM_026440915.1	2693	2274.92	20	0.653348
XM_026440916.1	9219	8800.92	423	3.57185
XR_411686.3	1849	1430.92	22	1.14258
XM_006560017.3	2342	1923.92	63	2.43351
XM_003251834.4	1501	1082.92	7	0.480377
XR_410928.3	2372	1953.92	2	0.0760683
XM_006572351.3	1856	1437.92	0	0
XR_408582.3	4147	3728.92	1	0.0199295
XM_006567730.3	2531	2112.92	1	0.035172
XM_016912263.2	5013	4594.92	131	2.11872
XM_623568.6	2630	2211.92	620	20.8306
XR_003304710.1	4567	4148.92	1359	24.3425
XR_003304712.1	4285	3866.92	0	0
XR_003304713.1	2782	2363.92	0	0
XM_006562188.3	1790	1371.92	0	0
XR_003304714.1	1304	885.92	0	0
XM_001122827.5	4675	4256.92	255	4.45169
XM_026440922.1	3340	2921.92	214	5.44284
XM_016912386.2	3007	2588.92	13	0.373169
XM_001121873.5	1345	926.92	191	15.3134
XM_623921.6	1461	1042.92	764	54.4406
XM_026440930.1	1636	1217.92	1	0.0610185
XM_006564790.3	1105	686.92	0	0
XM_003250469.4	894	487.075	181	27.6162
XM_016912408.2	2248	1829.92	90	3.65503
XM_016912378.2	666	306.741	0	0
XR_003304715.1	581	244.46	0	0
XR_120526.4	1046	627.92	2	0.236704
XM_026440932.1	5841	5422.92	1072.07	14.6916
XR_003304716.1	3478	3059.92	1	0.0242868
XM_393469.6	2441	2022.92	10	0.367368
XM_006567864.3	4634	4215.92	807.832	14.24
XM_396895.7	3174	2755.92	86	2.31906
XM_016912149.2	2435	2016.92	61	2.24761
XM_624289.6	2570	2151.92	107	3.6952
XM_006567872.3	2714	2295.92	639	20.6835
XM_006567868.3	1117	698.92	1548	164.598
XM_026440935.1	840	440.837	79	13.3177
XM_016912186.2	4864	4445.92	456	7.62226
XM_006567670.3	3863	3444.92	498	10.7431
XM_006567666.3	1225	806.92	354	32.6027
XM_394588.7	6411	5992.92	12417.3	153.981
XM_394553.7	6492	6073.92	45	0.550584
XM_026440937.1	12530	12111.9	328.579	2.01608
XR_003304719.1	1983	1564.92	2.00831	0.0953716
XR_003304721.1	8601	8182.92	266	2.41576
XR_003304723.1	1195	776.92	0	0
XM_026440944.1	15079	14660.9	1008	5.10952
XM_006564750.3	2652	2233.92	0	0
XM_006564749.3	903	495.073	0	0
XM_624755.6	2232	1813.92	1371	56.1694
XM_006562131.3	18936	18517.9	37	0.148488
XM_026440948.1	4686	4267.92	363	6.32078
XM_026440962.1	4534	4115.92	37	0.66806
XM_026440966.1	4017	3598.92	4	0.0825977
XM_392360.7	1869	1450.92	335	17.1586
XM_394550.6	1517	1098.92	270.09	18.2651
XM_026440969.1	1705	1286.92	7	0.404228
XM_006562144.3	1327	908.92	220	17.9878
XM_394551.7	1123	704.92	1503	158.453
XR_003304725.1	2290	1871.92	203	8.05915
XM_026440970.1	6737	6318.92	213	2.50505
XM_006564185.3	4968	4549.92	125	2.04168
XM_396620.7	2153	1734.92	889	38.0805
XR_003304736.1	346	118.44	2	1.25491
XM_006567646.3	3141	2722.92	165	4.50329
XM_026440978.1	3250	2831.92	6082	159.605
XM_006567644.3	883	477.657	2016	313.657
XM_624675.6	3411	2992.92	542	13.4581
XM_006567640.3	2974	2555.92	950	27.6221
XM_016912275.2	1045	626.92	781	92.5805
XM_026440984.1	8044	7625.92	24	0.233883
XM_003249754.4	2042	1623.92	35.4219	1.62102
XM_006561070.3	2654	2235.92	413.578	13.7462
XM_001121011.5	2450	2031.92	1476	53.9834
XM_006561074.3	1646	1227.92	673	40.731
XM_006561072.3	4067	3648.92	43.0827	0.877442
XM_006561075.3	1425	1006.92	78	5.75679
XM_006562179.2	11362	10943.9	101	0.68585
XR_409319.3	1012	593.92	27	3.37844
XR_003304737.1	3425	3006.92	70.8077	1.75001
XR_001703018.2	6807	6388.92	18	0.209375
XR_003304739.1	1132	713.92	0	0
XM_625162.6	2713	2294.92	90	2.91444
XM_395206.7	5202	4783.92	41	0.636913
XM_001121869.5	2550	2131.92	47	1.63835
XM_395207.7	3004	2585.92	268	7.70194
XR_003304740.1	2403	1984.92	12	0.449282
XR_001703025.2	1468	1049.92	10	0.707822
XM_006562082.3	10653	10234.9	762	5.53288
XM_016912172.2	5420	5001.92	179.184	2.66222
XM_003249961.3	2168	1749.92	18	0.764425
XM_625146.6	1589	1170.92	32	2.03097
XR_003304741.1	4093	3674.92	0	0
XM_395839.7	798	406.362	534	97.6581
XM_395840.7	2209	1790.92	95	3.9421
XM_006562126.3	1646	1227.92	20.9155	1.26584
XM_392691.7	3152	2733.92	1164	31.6408
XM_006564218.3	7078	6659.92	859	9.58527
XM_006564222.3	2447	2028.92	6	0.219769
XM_026440989.1	866	462.856	860	138.081
XM_001120760.5	1748	1329.92	288	16.0934
XM_394599.7	2409	1990.92	131	4.88988
XM_394600.7	2218	1799.92	429	17.7127
XM_006570209.3	881	476.042	1433	223.708
XM_006570210.2	698	329.794	80	18.0272
XM_006570211.3	601	258.874	11903	3417.03
XM_016912442.2	2149	1730.92	123	5.28091
XM_026440993.1	5818	5399.92	11	0.151386
XM_006557892.3	1728	1309.92	0	0
XR_001703022.2	2062	1643.92	0	0
XM_395096.7	4788	4369.92	184	3.12914
XM_006570187.2	2994	2575.92	3007	86.7524
XM_624985.6	1335	916.92	395	32.0145
XM_026441001.1	1234	815.92	39	3.5522
XR_003304742.1	1097	678.92	7	0.766231
XM_006559794.3	2166	1747.92	1292	54.9315
XR_003304743.1	458	165.939	0	0
XM_001120982.5	4424	4005.92	89	1.65108
XR_001703076.2	1293	874.92	2	0.16988
XM_625059.6	10041	9622.92	121	0.934456
XM_625072.6	1799	1380.92	753	40.5235
XM_625066.5	1367	948.92	473	37.0435
XM_016912403.2	4013	3594.92	2438	50.3993
XM_026441016.1	5034	4615.92	142	2.28618
XM_395764.6	1973	1554.92	423	20.2168
XM_395117.7	1774	1355.92	83	4.54909
XM_006569489.3	3591	3172.92	80	1.87375
XR_003304745.1	6825	6406.92	50	0.579964
XM_001121569.5	1769	1350.92	2.0001	0.110028
XM_393097.7	2883	2464.92	69	2.0803
XM_624354.6	1517	1098.92	1182	79.9341
XM_003251355.4	534	212.617	0	0
XM_006569491.3	941	528.049	816	114.841
XM_001121637.5	456	164.622	337	152.133
XM_003251352.4	942	528.935	216	30.3481
XM_016912370.2	539	215.88	87	29.9494
XM_396311.7	6422	6003.92	504	6.23844
XR_003304746.1	406	138.911	2	1.06997
XM_026441019.1	7038	6619.92	130	1.45939
XM_394579.6	1684	1265.92	198	11.6236
XM_016912295.2	2611	2192.92	333	11.285
XM_006567836.3	1196	777.92	497	47.479
XM_394996.7	839	440.008	2118	357.722
XM_026441022.1	1266	847.92	287	25.154
XM_016912299.2	1587	1168.92	2	0.127153
XM_001120848.5	841	441.614	22	3.70221
XM_396622.7	9409	8990.92	67	0.553798
XM_026441023.1	3456	3037.92	1359	33.2448
XR_409907.3	1847	1428.92	0	0
XM_006564159.3	7760	7341.92	4380.52	44.34
XM_016912293.2	1443	1024.92	1	0.0725088
XM_394555.7	1462	1043.92	291	20.716
XM_006564167.3	2073	1654.92	1117	50.1599
XM_001120220.5	662	303.816	1	0.244608
XR_001702891.2	2802	2383.92	61	1.9016
XR_001703031.2	1347	928.92	0	0
XR_001702900.2	739	361.794	8	1.64327
XR_003304750.1	1756	1337.92	2	0.111091
XM_026441034.1	4043	3624.92	1772	36.3284
XM_394598.7	4389	3970.92	122	2.28323
XM_006569947.3	959	544.09	1806	246.676
XM_006562093.3	3538	3119.92	10	0.238197
XM_026441036.1	2849	2430.92	29	0.886559
XM_006562097.3	2783	2364.92	47	1.47694
XM_016912312.2	2269	1850.92	0	0
XM_026441038.1	3179	2760.92	4	0.107668
XM_006562095.3	3246	2827.92	2559	67.2487
XM_625115.6	1180	761.92	1629	158.888
XM_026441039.1	5151	4732.92	197	3.09327
XM_623440.5	2325	1906.92	2	0.0779431
XM_003251068.4	12565	12146.9	0	0
XM_026441043.1	3972	3553.92	460	9.61901
XM_006557889.3	1399	980.92	0	0
XR_407617.3	2555	2136.92	21	0.730317
XR_407615.3	9137	8718.92	531	4.52598
XM_393291.7	1396	977.92	179	13.6029
XM_026441044.1	1187	768.92	1245	120.329
XM_392396.7	2370	1951.92	55	2.09402
XM_026441045.1	684	319.181	644	149.944
XM_026441046.1	6487	6068.92	136.036	1.66581
XM_026441047.1	1189	770.92	523	50.4165
XR_003304752.1	249	73.6003	73	73.7096
XR_003304753.1	1771	1352.92	0	0
XM_006567757.3	4009	3590.92	172	3.55962
XM_026441051.1	1559	1140.92	0	0
XM_006564157.3	5417	4998.92	545	8.10216
XM_026441052.1	3148	2729.92	171	4.65507
XM_006564156.3	1681	1262.92	1	0.0588443
XM_623791.6	549	222.42	137	45.7748
XM_026441056.1	13810	13391.9	232	1.28744
XM_026441058.1	4247	3828.92	876	17.0023
XM_392373.7	4904	4485.92	522.533	8.6565
XM_006567792.3	3764	3345.92	885	19.6566
XM_026441060.1	2010	1591.92	0	0
XR_003304758.1	2652	2233.92	544	18.0972
XR_410991.3	1865	1446.92	0	0
XM_006565579.3	10553	10134.9	135	0.989906
XM_001120289.5	4276	3857.92	229	4.41126
XM_392366.7	5296	4877.92	1642	25.0161
XM_392367.7	3463	3044.92	389	9.49411
XM_026441062.1	1933	1514.92	84	4.12069
XM_006565572.3	1735	1316.92	7	0.39502
XM_001120110.5	896	488.844	695	105.656
XM_006565582.3	435	153.203	2330	1130.24
XM_026441066.1	2564	2145.92	21	0.727254
XM_026441068.1	1647	1228.92	78	4.71684
XM_006557886.3	2084	1665.92	74	3.30109
XM_026441071.1	1918	1499.92	171	8.47244
XM_026441073.1	927	516.006	102	14.6901
XM_026441076.1	4493	4074.92	478	8.71745
XM_001120452.5	5151	4732.92	607	9.53103
XM_397131.7	3896	3477.92	57	1.21797
XM_393516.7	1174	755.92	2113	207.732
XM_006570208.3	669	308.785	158	38.026
XM_624812.5	3077	2658.92	85	2.37571
XM_006570178.3	4985	4566.92	347	5.64659
XM_006570173.3	1402	983.92	190	14.3507
XM_397479.7	3086	2667.92	86	2.39555
XM_395865.7	3086	2667.92	45	1.25349
XM_394554.5	2480	2061.92	255	9.1907
XM_625048.5	2022	1603.92	2	0.0926676
XM_006562100.3	1926	1507.92	17	0.837821
XM_026441087.1	1814	1395.92	15	0.798567
XM_001122174.5	585	247.311	5886	1768.71
XM_001122212.5	567	234.92	1333	421.687
XM_006560015.3	6320	5901.92	437.01	5.50274
XM_001121172.5	2081	1662.92	270	12.0663
XM_006572322.3	1562	1143.92	76	4.9374
XM_026441091.1	591	251.577	39	11.5206
XM_003251885.4	574	239.741	959	297.273
XM_006572332.3	3788	3369.92	229	5.05006
XM_026441096.1	1281	862.92	436	37.5488
XR_003304759.1	617	270.847	16	4.39012
XR_003304761.1	69	13.424	1	5.53605
XR_003304762.1	128	27.2041	50	136.589
XR_003304763.1	108	22.8108	0	0
XM_392419.7	3654	3235.92	304	6.98162
XR_001703469.2	554	225.754	7	2.30432
XR_003304766.1	1023	604.92	2	0.245704
XR_001703470.2	1808	1389.92	12	0.641611
XM_026441120.1	915	505.293	20	2.94149
XM_001121093.5	2501	2082.92	2	0.0713572
XM_006565399.3	1760	1341.92	260	14.3988
XM_001121169.5	1412	993.92	75	5.60777
XM_003250055.4	2998	2579.92	213	6.13555
XM_006562446.3	2394	1975.92	600	22.5664
XM_003250066.4	3596	3177.92	0	0
XM_397170.6	2049	1630.92	6	0.2734
XM_016912756.2	1597	1178.92	0	0
XM_006570937.3	6509	6090.92	253	3.08687
XM_006570939.3	2129	1710.92	36	1.5637
XM_026441122.1	638	285.745	0	0
XR_001703331.2	891	484.453	2631	403.599
XM_016912612.2	8484	8065.92	23	0.211911
XM_394621.6	4549	4130.92	456.721	8.21645
XM_003251532.4	1224	805.92	17	1.56761
XR_003304769.1	4294	3875.92	29	0.556037
XM_016912758.2	7850	7431.92	170	1.69992
XM_395260.7	1303	884.92	303	25.446
XM_001121546.5	840	440.837	155	26.1297
XM_026441124.1	3012	2593.92	35	1.00275
XM_395106.7	3059	2640.92	974	27.4084
XM_003251626.4	4218	3799.92	31	0.606272
XM_026441126.1	1866	1447.92	50	2.56629
XM_026441127.1	1388	969.92	40	3.06482
XR_001703491.2	672	310.978	9	2.15077
XR_411991.3	272	83.0337	0	0
XM_396527.7	3944	3525.92	32	0.674463
XR_001703456.2	5428	5009.92	7	0.103836
XR_001703463.2	2716	2297.92	0	0
XR_120246.4	2325	1906.92	1	0.0389716
XR_001703464.2	1380	961.92	0	0
XR_003304789.1	438	154.523	0	0
XM_394650.5	2657	2238.92	1163	38.603
XR_001703333.2	510	197.341	2	0.753172
XR_001703334.2	912	502.728	91	13.4521
XM_392423.7	1225	806.92	513	47.2462
XM_396624.7	1190	771.92	492	47.3667
XM_003250063.4	1137	718.92	63	6.51239
XM_003250054.3	6243	5824.92	184	2.34751
XM_006562445.3	2782	2363.92	39	1.22606
XM_001120829.5	5690	5271.92	593.351	8.36418
XM_394618.6	1021	602.92	1659	204.488
XM_026441131.1	2791	2372.92	20	0.626365
XM_016912799.2	2596	2177.92	1023	34.9071
XM_396491.6	3878	3459.92	40.0748	0.860768
XR_003304792.1	1844	1425.92	0	0
XM_624738.6	2857	2438.92	197	6.00273
XM_624761.6	1200	781.92	156	14.8266
XM_396813.7	6469	6050.92	60	0.736903
XM_026441134.1	1087	668.92	247	27.4412
XM_001120224.5	2319	1900.92	64.8054	2.53354
XM_006564066.3	4108	3689.92	779	15.6892
XM_396916.7	3539	3120.92	8.00602	0.19064
XM_001121323.5	3861	3442.92	3847	83.0378
XM_006570886.3	1255	836.92	0	0
XR_003304793.1	445	158.317	0	0
XR_003304794.1	2590	2171.92	1	0.0342166
XM_003250369.4	3366	2947.92	38	0.957962
XM_003250370.4	1233	814.92	180	16.4149
XR_003304795.1	217	60.4511	85	104.495
XM_393119.7	1761	1342.92	125	6.91736
XM_623415.6	997	579.101	112	14.3729
XM_006570550.3	6490	6071.92	1989	24.3438
XM_396436.7	2429	2010.92	242	8.94337
XR_001703497.2	948	534.126	20	2.7827
XM_016912862.2	1755	1336.92	731	40.6343
XM_026441139.1	1973	1554.92	1279	61.1284
XM_393467.7	2711	2292.92	31	1.00474
XM_026441146.1	6095	5676.92	112	1.46617
XR_003304798.1	1385	966.92	1	0.0768581
XR_001703494.2	4259	3840.92	1	0.0193484
XM_026441150.1	5233	4814.92	708	10.9276
XM_394641.7	2603	2184.92	203	6.90464
XM_006570509.3	15848	15429.9	371	1.78686
XR_411864.3	2078	1659.92	333	14.9086
XR_001703215.2	2540	2121.92	3	0.105069
XR_001703210.2	4112	3693.92	42	0.844972
XR_411859.3	2041	1622.92	13	0.595287
XR_412580.3	1405	986.92	13.7263	1.0336
XM_624022.6	2560	2141.92	194	6.73099
XM_003251533.4	1858	1439.92	87	4.49015
XR_003304802.1	494	187.554	35	13.8683
XM_397220.7	1064	645.92	867	99.7518
XM_006565350.2	2689	2270.92	435	14.2353
XM_395632.7	4187	3768.92	111	2.1887
XM_395633.7	1667	1248.92	499	29.6925
XM_396918.7	4739	4320.92	254	4.36856
XM_003249082.4	2217	1798.92	40	1.65245
XM_006557531.3	1548	1129.92	31	2.03889
XM_006557533.3	2087	1668.92	0	0
XM_001121570.5	3196	2777.92	8	0.214018
XM_026441159.1	2919	2500.92	32	0.950891
XM_397338.6	1541	1122.92	678	44.8705
XM_001120478.5	1702	1283.92	9	0.520937
XM_016912873.2	887	481.038	7	1.08143
XM_016912874.2	1107	688.92	1085	117.042
XM_026441164.1	540	216.549	420	144.137
XM_006570528.3	4881	4462.92	22	0.36634
XM_026441165.1	3878	3459.92	10	0.21479
XR_411874.3	2465	2046.92	8	0.290449
XR_003304803.1	371	119.86	33	20.4606
XR_003304804.1	416	143.016	0	0
XR_001703238.2	1137	718.92	0	0
XM_003251536.4	5715	5296.92	182	2.55346
XR_411892.3	5222	4803.92	8	0.123758
XR_001703510.2	1282	863.92	5	0.430107
XR_001703512.2	4592	4173.92	1	0.0178048
XM_624830.6	2401	1982.92	1791	67.1229
XM_006570898.2	3671	3252.92	574	13.1135
XM_394615.7	2243	1824.92	458	18.651
XM_001121188.5	1604	1185.92	42	2.63193
XM_394616.6	2175	1756.92	496	20.9802
XM_026441167.1	4742	4323.92	239	4.10772
XR_003304807.1	2212	1793.92	80	3.31411
XM_394649.6	3706	3287.92	113.317	2.56127
XM_392421.7	6129	5710.92	423.683	5.51335
XR_120251.4	2807	2388.92	5	0.155542
XR_001703257.2	4517	4098.92	5	0.0906527
XR_003304813.1	5430	5011.92	14.029	0.208019
XM_003250582.4	5047	4628.92	1115	17.9009
XM_001122083.5	2189	1770.92	392	16.4501
XM_006570972.3	2351	1932.92	313	12.034
XM_026441171.1	2041	1622.92	29	1.32795
XM_016912860.2	6879	6460.92	19.3078	0.222085
XR_001703545.2	1078	659.92	0	0
XM_026441175.1	3462	3043.92	29	0.708019
XM_006561259.3	3600	3181.92	69	1.61154
XM_006561253.3	3055	2636.92	118.284	3.33358
XR_003304814.1	1200	781.92	68	6.46289
XM_006557523.3	4628	4209.92	374.028	6.60253
XM_624251.6	3921	3502.92	536	11.3714
XR_409423.3	1564	1145.92	108	7.00406
XM_623545.6	2252	1833.92	129	5.22745
XM_016912815.2	1439	1020.92	37	2.69334
XM_624793.6	997	579.101	141	18.0944
XM_003251623.4	3307	2888.92	2631	67.6808
XM_623485.6	7004	6585.92	197.356	2.22697
XR_407493.3	810	416.146	26	4.6431
XM_016912870.2	1950	1531.92	25	1.21279
XM_016912910.2	958	543.151	1336	182.796
XM_624147.6	2271	1852.92	445	17.8478
XR_003304815.1	1756	1337.92	7	0.38882
XR_001703580.2	1694	1275.92	0	0
XR_409425.2	317	104.848	0	0
XM_001122160.4	2974	2555.92	76	2.20977
XM_006562459.3	2481	2062.92	34	1.22483
XM_624334.6	1396	977.92	319	24.242
XM_026441192.1	3094	2675.92	630	17.4964
XM_006565364.3	1707	1288.92	1044	60.1942
XR_003304820.1	5004	4585.92	1.20524	0.0195311
XR_410188.3	9267	8848.92	10	0.0839828
XR_003304826.1	1505	1086.92	0	0
XM_026441194.1	17764	17345.9	179	0.766895
XM_623363.5	2248	1829.92	133	5.40132
XR_001703299.2	1841	1422.92	3	0.156683
XR_411549.3	1543	1124.92	114	7.53119
XR_411550.3	1813	1394.92	1	0.0532759
XR_001703297.2	4836	4417.92	91	1.53075
XM_001120114.5	2897	2478.92	28	0.839413
XM_026441204.1	591	251.577	1292	381.655
XM_001122230.5	502	192.447	1309	505.485
XM_026441205.1	4820	4401.92	162	2.73497
XM_001121606.5	2588	2169.92	2987	102.299
XR_407492.3	1646	1227.92	1	0.0605216
XM_003250059.4	2079	1660.92	257	11.4991
XM_624703.5	1543	1124.92	369	24.3773
XM_001121853.5	2332	1913.92	157	6.09616
XM_026441207.1	1842	1423.92	0	0
XM_026441208.1	1811	1392.92	0	0
XM_026441210.1	2112	1693.92	1	0.043872
XR_001703507.2	1712	1293.92	0	0
XM_623217.6	1597	1178.92	12743	803.282
XM_006562424.3	1868	1449.92	253	12.9675
XM_026441213.1	5389	4970.92	284.204	4.24887
XM_026441216.1	2631	2212.92	5	0.167913
XM_026441217.1	1713	1294.92	669	38.394
XM_001123015.5	974	557.776	563	75.0118
XM_001123019.5	1809	1390.92	339	18.1125
XM_026441218.1	4666	4247.92	103	1.80194
XM_393619.6	4211	3792.92	169	3.31126
XR_003304831.1	1634	1215.92	1	0.0611189
XM_026441234.1	2258	1839.92	86	3.4736
XM_397600.7	4156	3737.92	279	5.54695
XM_001121751.5	2193	1774.92	0	0
XM_006557492.3	1416	997.92	0	0
XR_409431.3	1930	1511.92	3	0.14746
XM_396654.4	1271	852.92	0	0
XM_393096.7	2237	1818.92	148	6.04684
XM_006570917.3	1237	818.92	1260	114.343
XM_624538.5	897	489.776	784	118.96
XM_006564093.3	1954	1535.92	28	1.35478
XR_003304832.1	3720	3301.92	1	0.0225068
XR_001703532.2	677	314.573	3	0.708729
XR_001703535.2	441	156.079	1	0.47614
XM_026441239.1	3492	3073.92	21	0.5077
XM_026441240.1	531	210.657	118	41.628
XM_016912844.2	2442	2023.92	3	0.110156
XM_395486.7	2142	1723.92	103	4.44018
XM_026441241.1	1433	1014.92	0	0
XM_006569961.3	1417	998.92	233	17.3343
XM_006571758.3	2548	2129.92	547	19.0855
XM_001120557.5	1769	1350.92	611	33.6118
XM_393300.7	2040	1621.92	243	11.1342
XM_396639.7	1841	1422.92	334	17.444
XM_395661.7	1194	775.92	541	51.8156
XM_624896.6	1587	1168.92	311	19.7722
XM_006570920.3	1635	1216.92	75	4.58015
XR_001703522.2	1376	957.92	0	0
XR_001703196.2	620	273.062	0	0
XM_026441249.1	530	209.981	0	0
XM_016912856.2	3198	2779.92	35	0.935656
XM_623102.6	2673	2254.92	653	21.521
XR_001703548.2	1191	772.92	73	7.0189
XR_412100.3	1500	1081.92	23	1.57984
XR_003304835.1	314	103.165	0	0
XR_003304836.1	2874	2455.92	0	0
XR_003304837.1	666	306.741	0	0
XM_026441251.1	3706	3287.92	288	6.50956
XR_003304838.1	705	335.515	1	0.221497
XM_393034.7	1022	603.92	1461	179.784
XM_623280.6	2836	2417.92	3131	96.2325
XR_003304840.1	622	274.575	0	0
XM_006562474.3	1212	793.92	0	0
XM_396653.5	1568	1149.92	2	0.129254
XM_003249183.4	3912	3493.92	197	4.19019
XM_026441255.1	2971	2552.92	317	9.22789
XM_392401.7	2302	1883.92	961	37.9089
XR_003304841.1	2844	2425.92	0	0
XM_392407.7	8613	8194.92	302.895	2.74681
XM_006569514.3	1449	1030.92	4	0.288347
XR_003304842.1	2290	1871.92	29	1.15131
XR_001703285.2	2587	2168.92	15	0.513959
XR_003304844.1	2070	1651.92	6	0.269925
XR_001703286.2	3288	2869.92	30	0.776841
XR_003304846.1	1244	825.92	10	0.899793
XR_411538.3	946	532.341	0	0
XM_003251604.4	3788	3369.92	190	4.19
XM_006570915.3	2551	2132.92	345	12.0206
XM_001121051.5	1079	660.92	173	19.4526
XM_026441260.1	3810	3391.92	89	1.94996
XM_006570914.3	1175	756.92	459	45.0654
XM_026441262.1	4520	4101.92	39	0.706574
XM_006570908.3	1300	881.92	180	15.1678
XM_006570906.3	506	194.837	1632	622.484
XM_623582.6	4498	4079.92	34	0.619309
XM_393173.7	2595	2176.92	6909	235.859
XM_006561278.2	4579	4160.92	578	10.3233
XM_006561281.3	1489	1070.92	117	8.11913
XM_006561283.3	1686	1267.92	151.681	8.89037
XM_016912643.2	514	199.717	42	15.6284
XM_396382.6	1686	1267.92	70	4.10286
XM_396383.6	2748	2329.92	100	3.18962
XM_006561274.3	683	318.521	198	46.1963
XM_001120727.5	2527	2108.92	255	8.98588
XM_026441264.1	5479	5060.92	529	7.76795
XR_003304848.1	1931	1512.92	0	0
XM_026441265.1	4592	4173.92	149	2.65291
XM_026441267.1	988	570.863	292	38.0129
XM_397221.7	3834	3415.92	49	1.06603
XM_016912888.2	3206	2787.92	21	0.559783
XM_624998.5	2576	2157.92	775	26.6899
XR_003304849.1	676	313.816	29	6.86757
XR_409052.3	1918	1499.92	5	0.247732
XR_001703557.2	1198	779.92	6	0.571718
XM_393301.6	2218	1799.92	129	5.32619
XM_006564099.3	888	481.804	12	1.85093
XM_006564098.3	727	352.676	202	42.5654
XM_006561263.3	4878	4459.92	1419	23.6448
XM_006560041.3	2110	1691.92	0	0
XM_006560042.3	1418	999.92	0	0
XM_006560040.3	2981	2562.92	2	0.057993
XM_006560048.3	1199	780.92	0	0
XM_001120792.5	2406	1987.92	0	0
XM_016912883.2	1399	980.92	4	0.303045
XM_006560034.3	1684	1265.92	0	0
XR_003304852.1	1321	902.92	0	0
XR_003304853.1	1677	1258.92	0	0
XM_026441271.1	5850	5431.92	146	1.99747
XR_120620.4	694	326.686	0	0
XM_397235.7	3131	2712.92	98	2.68454
XM_006562482.3	923	512.429	33	4.78587
XM_026441272.1	1391	972.92	188	14.3602
XM_006562434.3	798	406.362	3741	684.156
XM_396640.7	3212	2793.92	541	14.3901
XM_026441274.1	2037	1618.92	1971	90.4777
XR_001703489.2	940	527.148	1	0.140977
XM_016912773.2	1735	1316.92	66	3.72447
XR_003304858.1	1729	1310.92	0	0
XM_006559056.3	1347	928.92	1077	86.1624
XM_006559055.3	2479	2060.92	191.343	6.89973
XM_026441281.1	14555	14136.9	4	0.0210274
XM_026441283.1	2379	1960.92	180	6.82171
XM_394655.6	3993	3574.92	730	15.1753
XM_006557503.3	1056	637.92	10508	1224.15
XM_623570.6	1088	669.92	156	17.3054
XM_006557504.3	7986	7567.92	274	2.69063
XM_026441288.1	2945	2526.92	0	0
XM_016912626.2	681	317.178	11	2.57733
XR_003304859.1	1187	768.92	0	0
XM_392814.6	1943	1524.92	265	12.9145
XM_006568244.3	2436	2017.92	16	0.589246
XM_026441292.1	1442	1023.92	162	11.7579
XM_623571.5	1286	867.92	1128	96.585
XM_003250600.4	999	580.92	1121	143.407
XM_026441294.1	769	384.77	7	1.352
XM_006570913.3	2341	1922.92	165	6.37681
XM_001120877.5	1419	1000.92	606	44.9939
XM_001121418.5	2555	2136.92	528	18.3623
XM_006570933.3	3203	2784.92	393	10.4872
XR_120594.4	1478	1059.92	0	0
XR_001703499.2	1872	1453.92	12	0.613368
XR_120596.4	2208	1789.92	0	0
XR_001703501.2	1839	1420.92	2	0.104602
XR_120593.4	2689	2270.92	18	0.589049
XM_003250060.4	3160	2741.92	107	2.90008
XM_006565419.3	3510	3091.92	306	7.35485
XM_026441297.1	2245	1826.92	1712	69.6409
XR_003304863.1	2321	1902.92	1	0.0390535
XM_396955.7	2694	2275.92	171	5.58367
XM_026441298.1	1552	1133.92	3	0.196616
XM_006559050.3	3080	2661.92	122	3.406
XM_001120291.5	1984	1565.92	11	0.52204
XM_026441301.1	1931	1512.92	226	11.1013
XM_393493.6	3107	2688.92	68	1.87937
XR_001703292.2	406	138.911	100	53.4986
XR_001703293.2	4848	4429.92	8	0.134207
XM_395079.7	1287	868.92	18	1.53948
XM_395332.6	3673	3254.92	334.699	7.64179
XR_003304870.1	981	564.396	0	0
XM_006570668.3	2191	1772.92	4	0.167668
XM_026441302.1	7204	6785.92	65	0.711844
XM_006565347.3	3915	3496.92	138	2.93274
XR_409884.3	455	164.197	1877	849.534
XM_026441303.1	16601	16182.9	2193	10.0708
XM_026441312.1	2243	1824.92	952	38.768
XR_001703306.2	2326	1907.92	0	0
XM_026441313.1	1481	1062.92	508	35.5176
XM_003249564.4	1692	1273.92	5	0.291681
XM_003249565.4	763	380.054	793	155.063
XM_624202.5	1036	617.92	1505	181.003
XM_006570990.3	2867	2448.92	978	29.6787
XM_392398.7	977	560.593	69	9.14706
XM_001122195.5	995	577.282	1	0.128734
XM_001122213.5	1022	603.92	0	0
XM_006565341.3	2799	2380.92	87	2.71553
XM_006564120.3	1764	1345.92	1099	60.6819
XM_395065.7	905	496.796	2015	301.424
XM_006565357.3	1930	1511.92	76	3.73564
XM_006570667.3	1637	1218.92	23	1.40227
XM_026441315.1	520	203.712	0	0
XM_394861.7	3001	2582.92	14	0.402807
XR_001703577.2	873	469.012	0	0
XR_001703578.2	958	543.151	1	0.136823
XM_003250367.4	1839	1420.92	822	42.9915
XM_026441316.1	2208	1789.92	2	0.083038
XM_016912939.2	1081	662.92	0	0
XM_395404.7	2183	1764.92	93	3.91596
XM_394622.5	2704	2285.92	315	10.2407
XM_026441317.1	1319	900.92	0	0
XR_001703560.2	3159	2740.92	42	1.13876
XR_001703565.2	1584	1165.92	4	0.25496
XM_006562442.3	2136	1717.92	263	11.3771
XM_623487.6	2183	1764.92	675	28.4223
XM_624707.6	1162	743.92	759	75.8221
XM_624689.5	1192	773.92	313	30.0558
XM_392425.7	3881	3462.92	148.562	3.18821
XR_120158.4	937	524.46	17	2.40889
XM_026441327.1	8688	8269.92	492	4.42124
XR_120161.4	1200	781.92	0	0
XM_396341.6	2048	1629.92	154	7.02158
XR_003304874.1	1513	1094.92	9	0.610858
XM_624681.6	835	436.674	2504	426.145
XM_006570875.3	3365	2946.92	18	0.453925
XM_026441329.1	1619	1200.92	663	41.028
XM_006570912.3	4157	3738.92	21	0.417401
XM_623496.6	1637	1218.92	128	7.80396
XM_006570931.3	1217	798.92	83	7.72067
XR_412025.3	2508	2089.92	45	1.60016
XM_006570926.3	6820	6401.92	122	1.41622
XM_006570928.3	2045	1626.92	337	15.3937
XR_003304875.1	540	216.549	5	1.71591
XR_003304876.1	2074	1655.92	9	0.403909
XR_412023.3	4114	3695.92	0	0
XR_003304877.1	1553	1134.92	21	1.3751
XM_006562422.3	1557	1138.92	162	10.5707
XM_003249797.4	2183	1764.92	0	0
XM_006557519.3	1885	1466.92	130	6.58593
XM_395437.7	1575	1156.92	282	18.1145
XM_006570993.3	4084	3665.92	2	0.0405441
XR_001703505.2	345	117.991	16	10.0775
XM_006564119.3	2676	2257.92	102	3.35716
XR_001703586.2	4299	3880.92	1	0.019149
XM_006571763.3	2406	1987.92	50	1.86918
XM_006570943.3	2571	2152.92	60	2.07111
XR_003304879.1	1873	1454.92	0	0
XR_412072.3	2516	2097.92	133	4.71133
XR_003304880.1	553	225.143	0	0
XR_003304881.1	1866	1447.92	39	2.00171
XR_412056.3	2524	2105.92	1	0.0352889
XR_003304883.1	741	363.318	0	0
XM_016912602.2	5115	4696.92	151	2.38915
XM_003251622.4	1215	796.92	16	1.49206
XR_001703316.2	799	407.239	2259	412.238
XR_120605.4	2354	1935.92	1	0.0383878
XR_001703319.2	387	128.168	6	3.47899
XR_001703318.2	585	247.311	15	4.50742
XR_003304886.1	1256	837.92	266	23.5917
XR_003304887.1	1253	834.92	69	6.14164
XR_003304888.1	835	436.674	3	0.510557
XM_396371.7	2106	1687.92	376	16.5545
XM_026441347.1	2077	1658.92	416	18.6358
XM_016912922.2	2805	2386.92	523	16.2834
XM_026441349.1	1192	773.92	45	4.32113
XM_624648.6	604	261.219	2660	756.758
XM_396275.6	2885	2466.92	48	1.44599
XM_003251159.4	2208	1789.92	0	0
XM_395342.7	2399	1980.92	292	10.9546
XM_006570922.3	2139	1720.92	175	7.55715
XM_394630.6	1448	1029.92	212	15.2972
XM_026441353.1	1183	764.92	1398	135.822
XM_006569967.3	4502	4083.92	0	0
XM_623617.6	1535	1116.92	480	31.9374
XM_006565384.3	6862	6443.92	378	4.35935
XM_006565376.3	4731	4312.92	373	6.42714
XM_392416.7	2055	1636.92	57	2.58778
XM_006565378.3	1500	1081.92	303	20.8127
XM_026441358.1	979	562.523	4	0.528445
XM_006565383.3	666	306.741	0	0
XR_410237.3	1502	1083.92	12	0.822743
XR_003304895.1	848	447.555	0	0
XR_410243.3	1871	1452.92	34	1.73907
XR_410216.3	863	460.242	7	1.1303
XM_394646.7	2112	1693.92	192	8.42343
XM_006565371.3	1386	967.92	8	0.61423
XM_623362.6	2043	1624.92	300	13.7205
XR_410211.3	1567	1148.92	16	1.03493
XR_410202.3	2269	1850.92	14	0.562109
XR_001703343.2	705	335.515	78	17.2768
XR_410206.3	1648	1229.92	1	0.0604232
XR_001703345.2	1775	1356.92	36	1.97164
XR_001703346.2	1976	1557.92	1	0.0477019
XR_410201.3	1905	1486.92	61	3.04876
XM_006565366.3	3900	3481.92	23	0.490896
XM_026441360.1	3903	3484.92	40	0.852997
XM_016912741.2	3035	2616.92	972	27.603
XR_003304902.1	2059	1640.92	0	0
XR_411872.3	1197	778.92	1	0.0954086
XR_003304903.1	2902	2483.92	3	0.0897561
XM_392873.7	2306	1887.92	14	0.551093
XM_623497.5	1320	901.92	1270	104.644
XM_006558125.3	1624	1205.92	89	5.48469
XM_392422.7	1048	629.92	1311	154.667
XM_006565361.3	1641	1222.92	62	3.76768
XM_006570664.3	6336	5917.92	67	0.841368
XM_006570958.3	3865	3446.92	85	1.8326
XM_396028.7	2767	2348.92	158	4.99884
XM_006570954.3	1989	1570.92	41	1.93959
XR_120572.3	1658	1239.92	7.12796	0.427221
XR_001706350.2	997	579.101	1	0.128329
XR_411924.3	1836	1417.92	2.29797	0.12044
XR_003304905.1	2491	2072.92	28	1.00382
XM_016912925.2	1699	1280.92	177	10.2691
XM_006569975.3	12861	12442.9	386	2.3054
XM_623792.6	3618	3199.92	48	1.11476
XM_001120141.5	979	562.523	1127	148.889
XM_026441367.1	609	264.92	6	1.68313
XR_411707.3	2355	1936.92	19	0.728991
XR_001703274.2	6505	6086.92	3	0.0366272
XR_411720.3	1056	637.92	10	1.16497
XR_003304907.1	4167	3748.92	7	0.138763
XM_006560028.3	1410	991.92	99	7.41718
XM_026441371.1	10635	10216.9	8	0.0581903
XM_026441372.1	11507	11088.9	52	0.348493
XM_006568240.3	2541	2122.92	70	2.45044
XM_392408.6	3872	3453.92	0	0
XM_006568238.3	1600	1181.92	497	31.2499
XR_001703561.2	5527	5108.92	38	0.552758
XM_623742.6	1354	935.92	237	18.8187
XM_624217.6	1078	659.92	1370	154.28
XM_624241.6	1338	919.92	342	27.6284
XM_006565413.3	820	424.245	2	0.350343
XR_410274.3	459	166.581	4	1.7845
XR_003304909.1	2032	1613.92	1	0.0460467
XM_006570988.3	1394	975.92	168	12.7931
XR_003304910.1	1632	1213.92	807	49.4042
XM_001122176.5	1152	733.92	109	11.0372
XM_006570992.3	930	518.561	348	49.8724
XM_006562418.3	3915	3496.92	778	16.5339
XM_623486.5	3092	2673.92	105	2.91824
XM_395938.6	1755	1336.92	45	2.50143
XM_006571764.3	882	476.841	0	0
XM_006558127.3	4338	3919.92	1	0.0189585
XM_016912529.2	1867	1448.92	0	0
XM_026441379.1	3494	3075.92	0	0
XM_026441380.1	631	280.645	0	0
XM_016912495.2	1115	696.92	0	0
XM_026441381.1	7435	7016.92	0	0
XM_026441382.1	2579	2160.92	20	0.687815
XM_001120112.5	1881	1462.92	0	0
XM_026441384.1	14913	14494.9	1	0.00512702
XM_006560032.3	1595	1176.92	429	27.0889
XM_026441385.1	759	377.066	495	97.5592
XM_026441386.1	675	313.081	0	0
XM_026441387.1	2330	1911.92	152	5.90819
XR_003304911.1	1160	741.92	11	1.10183
XM_026441389.1	4302	3883.92	149	2.85099
XM_026441393.1	5560	5141.92	558	8.06472
XR_408828.2	872	468.12	4	0.635014
XM_026441394.1	1627	1208.92	13	0.799146
XM_026441395.1	665	306.02	0	0
XM_026441396.1	5832	5413.92	2	0.0274536
XM_001120052.4	1152	733.92	0	0
XM_026441398.1	1709	1290.92	0	0
XM_026441399.1	2718	2299.92	148	4.78222
XM_026441400.1	1486	1067.92	660	45.9289
XM_026441401.1	2004	1585.92	6	0.281158
XM_624049.6	767	383.205	2934	568.997
XM_003251751.4	1422	1003.92	183	13.5467
XM_026441402.1	4105	3686.92	0	0
XM_026441403.1	2401	1982.92	0	0
XM_026441404.1	3484	3065.92	29	0.702939
XM_397185.5	963	547.802	176	23.8764
XM_026441405.1	608	264.21	7	1.96892
XM_026441406.1	3442	3023.92	7	0.172032
XM_026441407.1	5319	4900.92	1	0.0151636
XM_026441408.1	2546	2127.92	0	0
XM_026441409.1	2030	1611.92	0	0
XM_026441410.1	2870	2451.92	25	0.757729
XM_026441411.1	2091	1672.92	39	1.73249
XM_003250044.4	971	555.061	531	71.0941
XM_026441412.1	4182	3763.92	0	0
XM_003250050.4	2410	1991.92	42	1.56696
XM_003251524.4	602	259.655	824	235.837
XM_006559053.3	1269	850.92	976	85.2396
XM_624581.6	1622	1203.92	48	2.96295
XR_001703593.2	2135	1716.92	20	0.865686
XM_026441414.1	862	459.389	4	0.647082
XM_624426.6	798	406.362	104	19.0196
XM_625052.6	5684	5265.92	312	4.40312
XM_001122891.5	4097	3678.92	91	1.83824
XM_006572240.3	3482	3063.92	36	0.873183
XM_026441416.1	3183	2764.92	418.949	11.2605
XM_006572258.3	4259	3840.92	246	4.75971
XM_395353.5	1976	1557.92	166	7.91851
XM_016917475.2	3327	2908.92	274	7.00002
XM_006572241.3	1537	1118.92	0	0
XM_026441417.1	2706	2287.92	6.05147	0.196562
XM_625070.6	1266	847.92	352	30.8509
XM_623590.5	1331	912.92	948	77.1713
XM_395905.6	1425	1006.92	49	3.61644
XM_392954.5	1419	1000.92	1340	99.4915
XM_016912801.2	1486	1067.92	0	0
XM_006572262.3	1175	756.92	986	96.8071
XM_026441419.1	1026	607.92	726	88.7505
XM_026441420.1	4543	4124.92	151	2.72046
XM_006572254.3	770	385.61	2826	544.634
XM_016917476.2	847	446.694	104	17.3023
XM_003251867.4	480	178.984	111	46.0882
XM_006572244.3	707	337.129	4721	1040.68
XR_003304915.1	1881	1462.92	0	0
XM_006572519.3	1874	1455.92	0	0
XM_006561297.3	3645	3226.92	5422	124.868
XM_006561295.3	12934	12515.9	57	0.338448
XM_026441424.1	1482	1063.92	0	0
XR_003304918.1	5859	5440.92	3	0.040976
XR_003304923.1	3047	2628.92	40	1.13074
XR_003304924.1	3460	3041.92	0	0
XR_003304925.1	2145	1726.92	0	0
XR_003304927.1	2528	2109.92	0	0
XR_003304928.1	3609	3190.92	0	0
XR_003304929.1	4274	3855.92	0	0
XR_003304930.1	665	306.02	34.1921	8.30341
XR_409877.3	3456	3037.92	2	0.0489254
XR_410136.3	4703	4284.92	7	0.121405
XR_003304934.1	1867	1448.92	4	0.205162
XR_412002.3	799	407.239	0	0
XR_001703566.2	717	344.855	0	0
XM_026441425.1	3208	2789.92	5.06131	0.134819
XM_006570547.3	1842	1423.92	131	6.83701
XM_393208.7	1670	1251.92	52	3.08679
XM_393205.7	3017	2598.92	336	9.60786
XR_003304935.1	1643	1224.92	729	44.2283
XR_003304940.1	996	578.152	12	1.54248
XR_411901.3	3086	2667.92	2	0.0557106
XM_396435.7	1999	1580.92	522	24.5381
XR_411838.3	2921	2502.92	15	0.445374
XM_623442.6	1397	978.92	95	7.21202
XM_026441428.1	2385	1966.92	0	0
XR_001703607.2	1181	762.92	0	0
XM_393219.7	2101	1682.92	353	15.588
XM_026441429.1	9755	9336.92	0	0
XM_026441430.1	7372	6953.92	21	0.224424
XR_003304945.1	1551	1132.92	2	0.131193
XR_001703242.2	828	430.967	6	1.03464
XM_026441435.1	1293	874.92	2	0.16988
XM_016912938.2	1900	1481.92	2	0.100296
XM_026441436.1	3081	2662.92	4	0.11163
XR_003304946.1	2237	1818.92	2	0.0817141
XR_409040.3	778	390.487	0	0
XR_412079.3	665	306.02	0	0
XM_026441438.1	1927	1508.92	22	1.08352
XM_026441439.1	5304	4885.92	648	9.85619
XM_006564073.3	4278	3859.92	82	1.57876
XM_393390.6	3923	3504.92	104	2.20514
XR_001703420.2	3771	3352.92	439	9.7302
XM_026441442.1	2633	2214.92	50	1.67762
XM_006561271.3	2299	1880.92	430	16.9894
XR_409055.3	2808	2389.92	49	1.52368
XR_409056.3	631	280.645	0	0
XM_026441443.1	6632	6213.92	149	1.78197
XR_001703336.2	2975	2556.92	0	0
XR_001703611.2	2858	2439.92	0	0
XM_003250045.4	2260	1841.92	0	0
XR_410263.3	2485	2066.92	3	0.107864
XM_026441445.1	1910	1491.92	4	0.199248
XM_001121922.5	2554	2135.92	6	0.20876
XM_026441446.1	1907	1488.92	3	0.149737
XM_003251631.4	1746	1327.92	0	0
XR_409432.3	2011	1592.92	3	0.139961
XR_001703602.2	609	264.92	0	0
XR_003304953.1	3185	2766.92	2	0.0537173
XR_003304954.1	2913	2494.92	0	0
XM_001120594.5	2358	1939.92	119	4.55873
XM_016912864.2	1458	1039.92	194	13.8638
XM_026441448.1	1815	1396.92	600	31.9198
XM_006561244.3	5941	5522.92	201	2.70463
XM_392558.7	4599	4180.92	217	3.85717
XM_016912686.2	2887	2468.92	5438	163.686
XR_412030.3	1461	1042.92	1742	124.13
XR_001703435.2	1930	1511.92	39	1.91697
XM_006561239.3	6200	5781.92	107	1.37528
XM_006561241.3	4322	3903.92	831	15.8191
XM_003249794.4	1426	1007.92	3	0.221195
XM_393127.6	1401	982.92	0	0
XM_016912669.2	637	284.998	0	0
XM_003249792.4	1015	596.92	2	0.248997
XM_026441462.1	398	134.688	0	0
XR_001703417.2	1155	736.92	1	0.100846
XM_006570881.3	5104	4685.92	171	2.71195
XM_006570883.3	4193	3774.92	20	0.393734
XR_411979.3	972	555.971	15	2.00502
XR_003304958.1	1501	1082.92	47	3.22539
XM_006565335.3	4267	3848.92	880	16.9912
XM_394637.7	3003	2584.92	497	14.2886
XM_392413.7	3450	3031.92	205	5.02477
XR_410184.3	2496	2077.92	0	0
XM_026441466.1	12500	12081.9	3	0.0184529
XM_026441471.1	3337	2918.92	2948	75.056
XM_016912744.2	3613	3194.92	5	0.116303
XM_016912517.2	883	477.657	1	0.155584
XM_396456.7	5724	5305.92	597	8.36169
XR_001703437.2	6682	6263.92	17	0.201689
XM_624196.6	1312	893.92	128	10.6412
XM_395827.7	1081	662.92	500	56.0518
XM_392962.7	1102	683.92	659	71.6078
XM_395826.7	1183	764.92	837	81.3186
XM_026441482.1	4789	4370.92	248	4.21657
XM_003251614.4	2054	1635.92	105	4.76988
XM_003251627.3	2011	1592.92	2480	115.701
XM_006562465.3	4022	3603.92	116	2.39201
XM_006562466.3	2015	1596.92	428	19.9178
XM_003250043.4	1599	1180.92	355	22.3403
XM_001121896.5	3566	3147.92	82	1.93584
XM_394614.7	2015	1596.92	16	0.74459
XM_026441486.1	3213	2794.92	6103.81	162.298
XM_006570986.3	1404	985.92	68	5.12563
XM_006565390.3	4169	3750.92	406	8.04394
XM_396525.7	4158	3739.92	332	6.59715
XM_003250580.4	1622	1203.92	177	10.9259
XM_001120391.5	5645	5226.92	179	2.545
XM_003250061.4	3411	2992.92	12	0.297966
XR_003304961.1	963	547.802	1	0.135662
XM_026441493.1	5528	5109.92	1035	15.0524
XM_026441499.1	1532	1113.92	80	5.33724
XR_003304962.1	281	86.659	1	0.857564
XM_026441500.1	1378	959.92	83	6.42574
XM_006557491.3	565	233.438	641	204.064
XM_392426.6	4561	4142.92	707	12.6822
XR_003304963.1	8147	7728.92	3	0.0288458
XR_003304965.1	3757	3338.92	0	0
XR_001703409.2	1290	871.92	2	0.170464
XM_026441503.1	5766	5347.92	49	0.680913
XM_026441509.1	3392	2973.92	1767	44.1558
XM_026441513.1	2658	2239.92	78	2.58787
XM_001121426.5	3387	2968.92	306	7.65955
XM_006557516.3	4838	4419.92	186	3.12737
XM_016912726.2	4245	3826.92	144	2.79636
XM_624718.5	2276	1857.92	66	2.63996
XM_026441514.1	7558	7139.92	190	1.97761
XM_001120390.5	1324	905.92	659	54.06
XM_623073.5	1795	1376.92	1051	56.725
XM_001121094.5	3938	3519.92	104	2.19574
XM_006565332.3	1797	1378.92	326	17.5695
XR_410181.3	4285	3866.92	6	0.11531
XR_410180.3	255	76.0535	0	0
XM_026441518.1	16509	16090.9	2296.17	10.6048
XM_003251160.4	6237	5818.92	212.022	2.70782
XM_623263.5	2635	2216.92	22.4619	0.752967
XM_623072.6	2255	1836.92	87	3.51973
XM_026441537.1	1107	688.92	0	0
XM_026441538.1	10831	10412.9	91	0.649455
XM_001121092.5	5508	5089.92	19	0.277411
XM_006564088.3	2286	1867.92	230	9.15061
XM_003250360.4	881	476.042	4354	679.71
XM_006564080.3	7596	7177.92	0	0
XM_026441541.1	7049	6630.92	238	2.66737
XM_026441545.1	3274	2855.92	82	2.13377
XM_006564083.3	1999	1580.92	5	0.235039
XM_623824.6	2110	1691.92	307	13.4846
XM_001120233.4	1448	1029.92	43	3.10274
XM_006564089.3	1654	1235.92	94	5.65221
XM_625020.6	1285	866.92	931	79.8089
XM_006564079.3	509	196.748	0	0
XM_026441547.1	1657	1238.92	4	0.239937
XR_003304967.1	1727	1308.92	6	0.340658
XR_001703248.2	2995	2576.92	4	0.115356
XR_003304969.1	569	236.317	0	0
XR_409867.3	1521	1102.92	0	0
XR_003304970.1	3954	3535.92	2	0.0420347
XM_392823.7	4218	3799.92	363	7.09925
XM_003251552.4	2763	2344.92	497	15.751
XM_003251553.4	2234	1815.92	1555.06	63.6399
XM_392810.6	3556	3137.92	700	16.5782
XM_006564123.3	4204	3785.92	2192	43.0278
XM_026441550.1	3246	2827.92	268	7.04284
XM_001121014.5	3651	3232.92	369	8.48226
XM_001121130.5	1843	1424.92	4220	220.091
XM_623155.6	2827	2408.92	1396	43.0669
XM_006570876.2	6887	6468.92	181	2.07935
XM_026441551.1	3220	2801.92	261	6.92254
XM_001122474.5	1060	641.92	41	4.74661
XR_001703546.2	298	94.9857	3	2.34716
XM_393419.7	4478	4059.92	672	12.3008
XR_001706383.2	2082	1663.92	9	0.401967
XR_003304972.1	2285	1866.92	53	2.10975
XR_003304973.1	1331	912.92	0	0
XM_026441559.1	10731	10312.9	391	2.81758
XM_016912733.2	5977	5558.92	250	3.34218
XM_006570500.3	2205	1786.92	214	8.89998
XM_026441572.1	2797	2378.92	1	0.0312392
XM_392405.7	2475	2056.92	971	35.0818
XR_003304974.1	5226	4807.92	45.872	0.709041
XM_394619.7	1749	1330.92	80	4.46703
XM_392414.7	6027	5608.92	34	0.450485
XM_392650.7	4113	3694.92	618	12.4298
XM_006562557.3	4009	3590.92	786	16.2666
XM_026441587.1	1875	1456.92	62	3.16254
XM_026441588.1	5710	5291.92	1383	19.4218
XM_003251179.4	1058	639.92	2268	263.389
XM_396270.7	4762	4343.92	141	2.41222
XM_006569465.3	4095	3676.92	1177	23.7888
XM_006569462.3	1668	1249.92	688	40.906
XM_393553.7	3566	3147.92	117	2.76212
XM_003251176.4	8581	8162.92	431	3.92385
XM_006557310.3	4705	4286.92	848	14.7005
XM_395281.6	3092	2673.92	55	1.5286
XM_395153.7	2952	2533.92	77	2.25828
XM_006557316.3	2314	1895.92	3	0.117593
XM_016913089.2	1758	1339.92	52	2.88406
XM_003249098.4	2073	1654.92	20	0.898118
XM_624961.5	1002	583.92	215	27.3631
XM_624974.6	1315	896.92	436	36.1254
XR_003304976.1	2882	2463.92	0	0
XM_392682.7	2337	1918.92	576	22.3072
XM_395217.7	4322	3903.92	335	6.37712
XM_006564266.3	1576	1157.92	317	20.3452
XM_001121420.5	2019	1600.92	24	1.11409
XM_026441600.1	4289	3870.92	427	8.19774
XM_026441603.1	1823	1404.92	11	0.581864
XM_026441606.1	1385	966.92	596	45.8075
XM_006572151.3	880	475.17	180	28.1517
XM_392465.7	2349	1930.92	2044	78.6678
XM_006559806.3	7172	6753.92	760	8.36254
XR_003304978.1	463	169.02	100	43.9686
XR_003304982.1	2024	1605.92	13.1393	0.608035
XR_408525.3	1635	1216.92	2	0.122137
XM_396015.7	1303	884.92	258	21.6669
XM_396097.7	870	466.438	3017	480.686
XM_392433.7	6732	6313.92	188.421	2.21774
XM_006569420.3	2198	1779.92	233	9.72828
XM_623993.6	3198	2779.92	252	6.73672
XM_006568363.3	544	219.058	148	50.2091
XM_392631.7	2815	2396.92	196	6.07691
XM_026441607.1	1860	1441.92	821	42.3138
XM_026441609.1	5229	4810.92	472	7.29112
XM_003250612.4	1971	1552.92	101	4.8334
XM_392431.5	3694	3275.92	554	12.5677
XM_392430.7	1224	805.92	968	89.2614
XM_394666.7	1249	830.92	16	1.43101
XM_394665.7	763	380.054	163	31.873
XM_392632.7	8670	8251.92	200	1.80117
XM_394708.7	3921	3502.92	304	6.44947
XM_006558793.3	3419	3000.92	115	2.84789
XM_006564258.3	3716	3297.92	734	16.54
XR_003304983.1	1231	812.92	1	0.0914182
XM_006568293.3	4192	3773.92	58	1.14213
XM_001121190.5	2085	1666.92	114	5.08242
XM_392443.7	17489	17070.9	775.807	3.37736
XR_001703645.2	3568	3149.92	7	0.16515
XR_003304989.1	852	451.027	0	0
XR_003304990.1	3325	2906.92	11	0.281216
XM_392573.7	4418	3999.92	382	7.09729
XM_026441621.1	7246	6827.92	149.216	1.62408
XR_003304991.1	783	394.368	10	1.88442
XM_392464.7	6351	5932.92	2063	25.8411
XM_006562558.3	1405	986.92	8	0.602405
XM_001121132.5	3028	2609.92	122	3.47387
XM_026441624.1	5034	4615.92	552	8.88712
XM_006560847.3	1150	731.92	592	60.1089
XM_003249104.4	2633	2214.92	231	7.75058
XM_396259.7	859	456.867	256	41.6419
XM_016913217.2	1095	676.92	0	0
XM_026441625.1	3966	3547.92	18	0.377033
XM_394692.6	1923	1504.92	471	23.2588
XM_395948.7	2050	1631.92	143	6.51205
XM_026441626.1	3718	3299.92	951	21.4169
XM_395416.7	1345	926.92	429	34.395
XM_006565470.3	2741	2322.92	196	6.2705
XM_006568283.3	2325	1906.92	53	2.06549
XM_026441636.1	3860	3441.92	266.028	5.74391
XM_001120014.5	520	203.712	1012	369.185
XM_006559813.3	2126	1707.92	102	4.43826
XM_393189.7	1776	1357.92	148	8.09968
XM_026441639.1	10412	9993.92	45	0.334624
XM_026441642.1	5884	5465.92	91.0428	1.23783
XM_394662.7	1363	944.92	8	0.629181
XM_006569388.3	12251	11832.9	37	0.232375
XM_001121325.5	1657	1238.92	6	0.359905
XM_394663.7	1747	1328.92	2	0.111844
XM_026441646.1	649	294.187	2	0.505227
XR_003304993.1	1711	1292.92	65	3.73613
XM_026441647.1	8470	8051.92	61	0.563003
XM_001120920.5	693	325.962	934	212.941
XM_026441648.1	556	227.136	340	111.243
XM_026441649.1	4047	3628.92	110	2.25266
XM_392602.7	2929	2510.92	16728	495.098
XM_001119992.5	3683	3264.92	197	4.48409
XM_394670.7	2016	1597.92	128	5.95299
XM_026441651.1	3933	3514.92	425	8.98574
XM_624427.6	3803	3384.92	73	1.60271
XM_006559179.3	4494	4075.92	218	3.97476
XM_003249406.4	2603	2184.92	49	1.66664
XM_003251347.4	967	551.45	6	0.808585
XM_026441657.1	6005	5586.92	72	0.957724
XM_006568294.3	1769	1350.92	1	0.0550112
XM_026441660.1	5985	5566.92	448.787	5.99108
XM_006568274.3	1165	746.92	87	8.65617
XM_396549.6	2871	2452.92	116	3.51443
XM_393261.7	1716	1297.92	217	12.4249
XM_026441663.1	2017	1598.92	931	43.2716
XR_409490.3	1085	666.92	9	1.00288
XM_396725.7	1694	1275.92	1296	75.4852
XM_006557673.3	9046	8627.92	18	0.155041
XM_006564268.3	3208	2789.92	535	14.2509
XM_016913091.2	4342	3923.92	50	0.946957
XM_395721.7	1332	913.92	1813	147.425
XR_003304996.1	569	236.317	2	0.628948
XM_006559803.3	2165	1746.92	75	3.19057
XM_624035.6	596	255.193	868	252.774
XM_006559805.3	1452	1033.92	160	11.5004
XR_001706191.2	1258	839.92	4	0.353918
XM_016913234.2	955	540.437	0	0
XM_395011.7	3195	2776.92	148	3.96076
XR_001706193.2	589	250.135	0	0
XM_026441670.1	2290	1871.92	91	3.61272
XM_396937.7	2597	2178.92	90	3.0696
XR_001703776.2	646	291.924	0	0
XM_016913244.2	949	534.985	51	7.0845
XM_396855.6	2419	2000.92	7	0.259985
XM_001120054.5	1031	612.92	211	25.5834
XM_623076.6	1654	1235.92	1813	109.015
XM_623081.5	1976	1557.92	915	43.6472
XM_016913022.2	8825	8406.92	0	0
XM_026441673.1	8192	7773.92	324	3.09731
XM_396261.6	4742	4323.92	199	3.42023
XM_006565481.3	3289	2870.92	0	0
XM_006565484.3	3060	2641.92	0	0
XM_006565476.3	2950	2531.92	8	0.234812
XM_393143.7	894	487.075	234	35.7027
XM_006568309.3	3310	2891.92	202	5.19093
XM_394703.7	3687	3268.92	838	19.0511
XM_392477.7	2368	1949.92	580.925	22.1403
XM_006559823.3	2376	1957.92	804	30.517
XM_396516.7	1410	991.92	575	43.0796
XM_397079.7	2876	2457.92	98	2.96305
XM_003249528.4	1426	1007.92	430.845	31.767
XR_408534.3	4645	4226.92	8	0.140652
XR_003305000.1	2308	1889.92	10	0.393221
XR_003305001.1	893	486.224	0	0
XM_026441679.1	3023	2604.92	218	6.21931
XM_623794.6	742	364.064	708	144.523
XM_006565486.3	2716	2297.92	69	2.23149
XR_001703784.2	719	346.384	0	0
XM_026441682.1	5392	4973.92	247	3.69044
XM_016913106.2	3077	2658.92	1858	51.9303
XM_623618.6	2297	1878.92	852	33.6986
XM_392687.7	1943	1524.92	0	0
XR_120486.4	703	333.848	5	1.11302
XM_397464.7	1390	971.92	580	44.3484
XM_006571991.3	3075	2656.92	87	2.43344
XM_006565450.3	2183	1764.92	3	0.126321
XM_001121189.5	1420	1001.92	32	2.37354
XR_410293.3	5746	5327.92	1568	21.871
XR_003305002.1	170	38.8237	12150	23257.3
XR_001703664.2	2248	1829.92	7	0.28428
XR_001703665.2	3029	2610.92	0	0
XR_003305004.1	5964	5545.92	5	0.0670003
XR_001703667.2	674	312.391	4	0.951572
XR_003305005.1	3528	3109.92	1	0.0238963
XM_003250402.4	1057	638.92	95	11.0499
XM_026441690.1	1707	1288.92	1722	99.2859
XM_026441691.1	473	174.859	57	24.2252
XM_006560848.3	1328	909.92	27	2.20516
XM_393404.7	887	481.038	845	130.544
XM_397160.6	3278	2859.92	27	0.701601
XM_006568353.3	2219	1800.92	1163	47.9917
XM_016912947.2	3603	3184.92	1	0.0233336
XM_001121571.4	605	261.943	0	0
XM_026441693.1	2063	1644.92	5	0.225894
XM_026441694.1	930	518.561	0	0
XM_026441696.1	21553	21134.9	4520	15.8935
XM_026441697.1	2042	1623.92	0	0
XM_016917176.2	791	400.98	48.0797	8.91085
XM_001120551.5	684	319.181	121	28.1727
XM_624050.6	2218	1799.92	13	0.536748
XM_026441698.1	1085	666.92	303	33.7636
XM_026441699.1	1245	826.92	0	0
XM_026441700.1	33983	33564.9	83	0.183769
XM_026441701.1	1974	1555.92	68	3.2479
XM_006568315.3	1781	1362.92	54	2.94445
XM_026441702.1	2500	2081.92	180	6.42523
XM_016912958.2	3848	3429.92	297.284	6.44121
XM_026441705.1	1340	921.92	0	0
XM_001122105.5	1887	1468.92	0	0
XM_623919.5	1424	1005.92	0	0
XM_395934.5	1053	634.92	3	0.351142
XM_026441706.1	992	574.541	685	88.6033
XM_026441708.1	1913	1494.92	5	0.248561
XM_006564147.3	950	535.897	1587	220.078
XM_625032.6	2005	1586.92	980	45.8935
XM_003249707.4	662	303.816	1838	449.589
XM_003250533.4	1458	1039.92	0	0
XM_026441709.1	2812	2393.92	169	5.24635
XR_003305006.1	647	292.731	48	12.1858
XM_006557674.3	3650	3231.92	9	0.206949
XM_001122377.5	3055	2636.92	364	10.2585
XM_393293.7	1979	1560.92	142	6.76064
XM_006560150.3	1261	842.92	66	5.81886
XM_392901.7	2200	1781.92	1042	43.457
XM_026441715.1	2281	1862.92	820	32.7115
XM_016913259.2	1583	1164.92	317	20.2229
XM_397270.7	2396	1977.92	1035.07	38.8902
XM_026441717.1	5265	4846.92	11	0.168658
XM_006558808.3	4388	3969.92	615	11.5126
XM_396692.7	2011	1592.92	10161	474.049
XM_026441722.1	871	467.258	10	1.59046
XR_408063.3	5581	5162.92	19	0.273488
XR_003305016.1	1878	1459.92	7	0.356328
XR_001703702.2	2668	2249.92	5	0.165152
XM_392453.7	2349	1930.92	158	6.08098
XM_394689.6	1016	597.92	177	21.9994
XM_006562569.3	1942	1523.92	349	17.0194
XM_026441723.1	508	196.083	2	0.758001
XM_396257.6	1788	1369.92	318	17.2509
XM_026441724.1	1967	1548.92	223	10.6993
XM_006565494.3	7955	7536.92	197	1.94246
XM_026441725.1	2955	2536.92	504	14.764
XM_006565496.3	983	566.283	427	56.037
XM_026441726.1	6502	6083.92	96	1.17265
XM_001122715.5	1649	1230.92	450	27.1683
XM_026441728.1	1078	659.92	687	77.3652
XM_624510.6	3064	2645.92	4	0.112348
XM_001122551.5	1908	1489.92	578	28.83
XM_003249517.4	1856	1437.92	1240	64.0866
XM_006559815.3	4794	4375.92	1075	18.2566
XM_006559821.3	3458	3039.92	2969	72.5819
XM_001121525.5	6041	5622.92	192.667	2.5464
XM_026441735.1	2252	1833.92	6	0.243137
XM_026441738.1	2176	1757.92	100	4.22748
XM_026441739.1	5232	4813.92	5001	77.2038
XM_006564270.3	811	416.845	324	57.7631
XM_006564275.3	1382	963.92	3	0.231292
XM_006564272.3	2046	1627.92	3	0.136952
XM_026441746.1	2527	2108.92	0	0
XM_006560849.3	1017	598.92	1278	158.578
XR_001703792.2	698	329.794	2	0.450679
XM_001122422.5	4182	3763.92	26	0.51335
XM_006568344.2	1939	1520.92	198	9.67474
XM_016912945.2	2117	1698.92	0	0
XR_407726.3	438	154.523	0	0
XM_001121052.5	2265	1846.92	62	2.49473
XM_003251175.4	2546	2127.92	21	0.733406
XM_006558090.3	2370	1951.92	1	0.0380731
XM_006557300.3	2057	1638.92	0	0
XM_625031.6	1461	1042.92	403	28.7167
XM_003249520.4	2177	1758.92	71	2.9998
XM_026441748.1	1666	1247.92	225	13.3991
XM_016913276.2	1473	1054.92	239	16.8368
XM_006569466.3	3528	3109.92	2	0.0477927
XR_411526.3	1744	1325.92	5.15755	0.289073
XM_397139.5	3948	3529.92	278	5.85276
XM_396642.7	1200	781.92	204	19.3887
XR_407734.3	5079	4660.92	1	0.0159444
XM_026441751.1	2541	2122.92	677	23.6993
XM_001121133.5	1029	610.92	1122	136.486
XR_003305021.1	2487	2068.92	13	0.46696
XM_006568285.3	2489	2070.92	1	0.0358853
XM_026441756.1	2203	1784.92	510	21.234
XM_006569457.3	2214	1795.92	2	0.0827606
XM_006569454.3	602	259.655	29	8.30007
XR_001703787.2	1366	947.92	4	0.313595
XM_026441761.1	9527	9108.92	121	0.987186
XM_026441762.1	2115	1696.92	143	6.26261
XM_392686.6	1472	1053.92	5	0.352568
XM_395164.6	1813	1394.92	670	35.6949
XM_001122142.5	2306	1887.92	19	0.747912
XM_016913279.2	1873	1454.92	9	0.45971
XM_392902.7	1068	649.92	649	74.2105
XM_001120116.5	1575	1156.92	34	2.18402
XM_624811.6	867	463.713	341	54.6494
XM_624531.6	771	386.428	1130	217.315
XM_003251173.4	468	171.84	5265.8	2277.31
XM_003249519.4	1496	1077.92	0	0
XR_003305023.1	2000	1581.92	2	0.0939563
XM_016913281.2	1236	817.92	302	27.4395
XM_624163.5	996	578.152	9	1.15686
XM_623856.6	3632	3213.92	1811	41.8759
XM_393294.7	860	457.685	1780	289.024
XM_006560155.3	696	328.188	330	74.7261
XM_026441767.1	5856	5437.92	2559	34.9718
XR_119924.4	1787	1368.92	257	13.952
XR_003305024.1	3387	2968.92	10	0.250312
XR_408639.3	1285	866.92	1	0.0857238
XM_001121096.5	1492	1073.92	10	0.692004
XM_396778.6	2689	2270.92	0	0
XR_001703801.2	826	429.287	0	0
XM_623799.6	1078	659.92	0	0
XR_003305025.1	1446	1027.92	1	0.0722971
XR_003305027.1	3241	2822.92	0	0
XM_006557672.3	2417	1998.92	0	0
XM_026441768.1	2041	1622.92	0	0
XR_003305028.1	891	484.453	4	0.613605
XM_394673.7	4000	3581.92	735	15.2494
XM_001120293.5	804	411.364	0	0
XM_394674.6	2164	1745.92	222	9.4495
XM_395005.7	8943	8524.92	403	3.51314
XM_006568329.3	4019	3600.92	398	8.21391
XR_003305029.1	3148	2729.92	3	0.081668
XR_001703764.2	759	377.066	0	0
XM_394687.6	3990	3571.92	77	1.60203
XM_006568365.3	5951	5532.92	256	3.43848
XM_394686.7	5871	5452.92	302.143	4.11779
XR_411181.3	364	124.976	1	0.594638
XR_003305039.1	1342	923.92	2	0.16087
XM_003249526.4	1268	849.92	22	1.92365
XR_001703736.2	2552	2133.92	3	0.104478
XM_006564278.3	1941	1522.92	0	0
XR_003305041.1	3753	3334.92	0	0
XM_026441770.1	1398	979.92	1	0.0758385
XR_003305042.1	2870	2451.92	1	0.0303092
XM_003251842.4	573	239.095	0	0
XM_026441771.1	6978	6559.92	352	3.98772
XM_006569470.3	4822	4403.92	106	1.78874
XM_026441781.1	4210	3791.92	35	0.685945
XM_003251337.4	808	414.561	868	155.601
XM_396627.7	4345	3926.92	21	0.397418
XM_016913213.2	3322	2903.92	174.046	4.45409
XM_026441786.1	1003	584.92	891	113.204
XM_026441794.1	720	347.163	3	0.642197
XR_003305043.1	764	380.879	0	0
XM_001120253.5	811	416.845	238	42.4309
XM_016913110.2	4089	3670.92	152	3.07715
XM_392607.7	2836	2417.92	141	4.33369
XM_006559168.3	2193	1774.92	110	4.60569
XM_623746.6	4781	4362.92	173	2.94679
XM_006559159.3	1569	1150.92	366	23.6329
XM_001120363.5	501	191.773	1160	449.523
XM_026441803.1	2002	1583.92	1575	73.8972
XM_006558798.3	13033	12614.9	77	0.453614
XM_006558803.3	904	495.903	104	15.5854
XM_016913044.2	5235	4816.92	9	0.138852
XM_624550.6	3487	3068.92	120	2.90587
XM_006569415.3	2262	1843.92	12	0.483637
XM_624529.6	2277	1858.92	170	6.79624
XM_397532.7	1863	1444.92	2931	150.748
XM_624505.6	1476	1057.92	451	31.6814
XM_394667.6	1182	763.92	359	34.9242
XM_026441807.1	64653	64234.9	1254	1.4508
XM_026441836.1	684	319.181	0	0
XM_026441837.1	1566	1147.92	0	0
XR_409939.3	2269	1850.92	14	0.562109
XM_003251341.4	5441	5022.92	247	3.65444
XM_392439.7	6059	5640.92	105	1.38331
XM_392438.7	4330	3911.92	387	7.35193
XM_394669.6	1352	933.92	190	15.119
XR_001703774.2	1445	1026.92	5	0.361838
XR_003305049.1	459	166.581	0	0
XR_411517.3	374	121.323	1	0.612542
XM_006569433.3	3520	3101.92	434	10.3978
XM_006569432.3	2200	1781.92	102	4.25395
XM_006569426.3	7116	6697.92	472	5.237
XM_003251351.4	5688	5269.92	1214	17.1197
XM_006569427.3	9092	8673.92	186.006	1.59365
XR_411513.3	1764	1345.92	0	0
XR_001703742.2	1945	1526.92	118	5.7431
XM_006559155.3	1781	1362.92	146	7.96091
XM_026441842.1	1726	1307.92	162	9.2048
XM_001122959.5	2625	2206.92	705	23.7401
XM_001122957.5	958	543.151	116	15.8715
XM_026441843.1	6963	6544.92	186.01	2.11209
XM_026441846.1	15023	14604.9	349	1.77585
XM_623620.6	2042	1623.92	294	13.4544
XM_026441855.1	2124	1705.92	605	26.3559
XM_623651.6	1079	660.92	286	32.1586
XM_006559144.3	4412	3993.92	240	4.46573
XR_001703653.2	763	380.054	0	0
XM_006557303.3	2033	1614.92	1774	81.6362
XM_006557302.3	1319	900.92	55	4.53688
XM_624635.6	3112	2693.92	417	11.5035
XM_006565093.3	1381	962.92	543	41.9073
XM_393426.7	1853	1434.92	1852	95.9166
XM_396806.6	4431	4012.92	59	1.09263
XM_396807.7	2021	1602.92	24	1.1127
XM_006568299.3	1126	707.92	364	38.2118
XM_003251177.4	915	505.293	388	57.0649
XM_006560841.3	11686	11267.9	1084	7.14934
XM_006560840.3	6797	6378.92	1233	14.3647
XM_394700.7	1595	1176.92	56	3.53608
XM_001120765.5	1492	1073.92	91	6.29723
XM_392468.7	1139	720.92	287	29.5853
XR_408893.3	1808	1389.92	0	0
XR_003305052.1	2635	2216.92	17	0.569875
XR_001703639.2	1739	1320.92	0	0
XM_026441868.1	5695	5276.92	964	13.5762
XM_026441875.1	10254	9835.92	1191	8.99865
XM_006565491.3	4750	4331.92	0	0
XM_003250614.4	4046	3627.92	13	0.266297
XM_016913139.2	2708	2289.92	7	0.227174
XR_001703772.2	7989	7570.92	1	0.00981594
XM_625176.6	2403	1984.92	225	8.42403
XM_016912946.2	1238	819.92	218	19.759
XM_003249176.4	2194	1775.92	3	0.125539
XM_624004.6	2316	1897.92	616	24.1203
XM_003249173.4	2062	1643.92	77	3.48089
XM_623962.6	1631	1212.92	892	54.6529
XM_393500.7	1768	1349.92	6361	350.185
XM_006568351.3	5916	5497.92	1332	18.0047
XM_623338.6	1285	866.92	774	66.3502
XM_016913129.2	4128	3709.92	265	5.30838
XM_003251166.4	741	363.318	236	48.2732
XM_006565108.3	3266	2847.92	364	9.49848
XM_026441886.1	2322	1903.92	15	0.585495
XM_026441895.1	1205	786.92	219	20.6821
XM_026441896.1	1568	1149.92	67.3461	4.35236
XM_026441902.1	1092	673.92	2	0.220547
XM_026441903.1	1556	1137.92	0	0
XR_410131.3	2309	1890.92	6.06277	0.238275
XM_016913135.2	1778	1359.92	10	0.546471
XM_001121053.5	1312	893.92	28	2.32777
XM_016913136.2	884	478.517	0	0
XM_026441905.1	1932	1513.92	0	0
XM_006569403.3	3354	2935.92	309	7.82158
XM_026441906.1	3405	2986.92	211	5.24976
XM_396939.6	1196	777.92	399	38.117
XM_026441927.1	6685	6266.92	0	0
XM_026441928.1	1891	1472.92	0	0
XM_003250619.4	1340	921.92	0	0
XM_624284.6	2496	2077.92	1125	40.235
XM_395180.7	1886	1467.92	10	0.506265
XM_006565456.3	3495	3076.92	27	0.652121
XM_026441930.1	1644	1225.92	0	0
XM_026441932.1	1520	1101.92	105	7.08141
XM_624190.6	1510	1091.92	30	2.04179
XR_001703712.2	4885	4466.92	64	1.06476
XR_003305060.1	647	292.731	2	0.507741
XM_396603.7	3806	3387.92	101	2.21548
XM_003249407.4	1844	1425.92	2060	107.362
XM_003249408.4	1292	873.92	262	22.2797
XM_392799.7	1233	814.92	18658	1701.49
XM_016913195.2	1049	630.92	2821	332.284
XR_408236.3	306	99.0146	0	0
XM_006560833.3	7015	6596.92	572	6.4437
XM_003249708.4	731	355.752	1	0.208897
XR_001703718.2	1358	939.92	11	0.869726
XR_001703724.2	409	140.6	0	0
XR_001703721.2	2114	1695.92	0	0
XR_001703725.2	1340	921.92	0	0
XR_003305062.1	1798	1379.92	17	0.915536
XR_003305063.1	519	202.992	2	0.732202
XM_395069.6	1617	1198.92	383	23.7405
XR_001703732.2	867	463.713	27	4.32708
XM_395151.7	1673	1254.92	186	11.0148
XM_006557633.3	3421	3002.92	717	17.7442
XM_397140.7	5970	5551.92	340.873	4.56279
XM_006568340.3	3551	3132.92	527	12.5009
XM_624991.6	3742	3323.92	837	18.7135
XM_006568334.3	3106	2687.92	171	4.72781
XM_026441943.1	804	411.364	29	5.23904
XM_006560130.3	10074	9655.92	2241	17.2476
XM_001122101.5	9057	8638.92	260	2.23663
XM_006560139.3	3823	3404.92	106	2.31355
XM_016912975.2	3511	3092.92	77	1.85013
XM_394701.7	5889	5470.92	1139	15.4719
XM_006560134.3	5510	5091.92	326	4.75791
XM_016912978.2	1846	1427.92	0	0
XM_026441948.1	1928	1509.92	0	0
XM_026441950.1	1796	1377.92	61	3.28993
XR_003305065.1	887	481.038	5	0.772451
XR_408619.3	992	574.541	38	4.91522
XR_003305066.1	3573	3154.92	2	0.047111
XR_003305067.1	3149	2730.92	10.2476	0.278865
XM_396618.6	3003	2584.92	200	5.74994
XM_624051.6	1685	1266.92	198	11.6144
XM_006560148.3	1311	892.92	5	0.416138
XR_003305068.1	896	488.844	4	0.608093
XM_392795.7	2393	1974.92	88	3.31141
XM_392793.7	914	504.466	578	85.1484
XM_026441956.1	2220	1801.92	0	0
XM_026441957.1	347	118.81	209	130.73
XM_624429.6	717	344.855	1841	396.732
XM_003251165.4	5106	4687.92	149	2.36204
XM_624382.6	1167	748.92	29	2.87768
XM_001122483.5	2235	1816.92	0	0
XM_396348.7	4793	4374.92	244	4.14477
XM_395851.7	1805	1386.92	676	36.2223
XM_001122385.5	2029	1610.92	254	11.7176
XM_395852.7	1781	1362.92	1229	67.0134
XM_395056.6	6839	6420.92	482.483	5.58426
XM_006559812.3	3771	3352.92	163	3.61281
XM_006559811.3	3092	2673.92	32	0.889369
XM_003249518.4	2061	1642.92	16	0.723742
XM_003249527.4	975	558.72	0	0
XM_016913101.2	4471	4052.92	166	3.04383
XM_392452.7	2554	2135.92	553	19.2407
XM_006565508.3	2834	2415.92	48	1.47652
XM_006559157.3	7564	7145.92	195	2.02795
XM_392925.6	3060	2641.92	2279	64.1069
XM_026441967.1	10015	9596.92	248	1.92044
XM_006562570.3	7428	7009.92	316	3.35007
XM_026441978.1	604	261.219	0	0
XM_006565440.3	5773	5354.92	890	12.3514
XM_006565442.3	3166	2747.92	308	8.32966
XM_026441979.1	5916	5497.92	66.2599	0.895638
XM_001122961.5	1398	979.92	478	36.2508
XM_396208.7	1500	1081.92	490	33.6575
XM_016913268.2	1567	1148.92	545	35.2523
XM_016913269.2	630	279.93	615	163.27
XM_006565465.3	3365	2946.92	1732	43.6777
XM_006565467.3	2048	1629.92	347	15.8214
XM_001123126.5	1136	717.92	2	0.207031
XM_026441981.1	1585	1166.92	578	36.8101
XM_624091.6	989	571.777	190	24.6949
XM_026441982.1	2083	1664.92	732	32.6737
XM_006562491.3	1353	934.92	1	0.0794888
XM_393191.7	1078	659.92	638	71.8472
XM_026441983.1	4243	3824.92	136	2.64239
XM_026441990.1	4669	4250.92	161	2.81464
XM_001120292.5	1834	1415.92	75	3.93643
XM_026442000.1	821	425.079	0	0
XM_016912991.2	943	529.809	0	0
XM_006564151.3	1871	1452.92	1	0.0511492
XM_006559799.3	7218	6799.92	75	0.819668
XM_396828.7	2227	1808.92	161	6.61435
XR_001703751.2	3842	3423.92	7	0.151934
XM_006564281.3	1792	1373.92	61	3.29951
XM_026442005.1	4052	3633.92	49	1.00208
XM_016912970.2	2172	1753.92	0	0
XM_006564290.3	1785	1366.92	908	49.3655
XR_003305080.1	81	15.1092	2	9.83714
XR_003305081.1	68	13.3465	0	0
XR_003305082.1	124	26.239	1	2.83227
XM_396785.7	1461	1042.92	743	52.9442
XM_006559511.3	6395	5976.92	1436	17.8549
XM_396634.6	3073	2654.92	205	5.73829
XR_001704061.2	1137	718.92	0	0
XM_395581.7	3694	3275.92	1533	34.7768
XM_006559537.3	2277	1858.92	16	0.639646
XM_006559535.3	2229	1810.92	376	15.4301
XM_003249464.4	1324	905.92	874	71.6972
XM_006559543.3	652	296.516	0	0
XR_003305085.1	437	154.065	1	0.482367
XM_026442024.1	4518	4099.92	728	13.1958
XM_006557271.3	7128	6709.92	23	0.254736
XR_407440.3	1140	721.92	0	0
XM_001121610.5	6316	5897.92	470	5.92215
XM_016913771.2	4021	3602.92	3	0.0618795
XM_623533.6	2366	1947.92	164	6.25681
XM_016913590.2	4332	3913.92	245	4.65194
XM_003249365.4	1276	857.92	30	2.59869
XM_016913772.2	676	313.816	23	5.44669
XM_016913774.2	1095	676.92	10	1.09785
XM_397383.6	2266	1847.92	1089	43.7951
XM_006563804.3	3910	3491.92	306	6.51235
XM_624869.5	3595	3176.92	266	6.22237
XM_026442030.1	3474	3055.92	232	5.64191
XM_396175.7	2390	1971.92	432	16.2808
XM_016913633.2	3858	3439.92	202	4.36399
XM_026442032.1	1308	889.92	4	0.334033
XM_026442033.1	12787	12368.9	526	3.16034
XM_006564516.3	1157	738.92	469	47.1689
XM_006564518.3	12489	12070.9	8	0.0492527
XM_003250459.4	1933	1514.92	232	11.381
XM_006564528.3	10019	9600.92	256	1.98156
XM_392767.7	3261	2842.92	149	3.89495
XM_026442046.1	1640	1221.92	148	9.00118
XM_006564524.3	2674	2255.92	350	11.5299
XM_006564690.3	8463	8044.92	661	6.10605
XM_006564688.3	772	387.163	691	132.637
XM_026442047.1	5018	4599.92	544	8.78879
XM_006569704.3	2604	2185.92	578	19.6505
XM_006569707.3	913	503.606	0	0
XM_003249467.4	5122	4703.92	753	11.8964
XM_006559432.3	6112	5693.92	18	0.234932
XM_003249489.4	4212	3793.92	145	2.84027
XR_001703877.2	3683	3264.92	37	0.842189
XM_006564672.3	576	241.041	2825	870.979
XM_006564673.3	6006	5587.92	875	11.6369
XM_006558625.3	6638	6219.92	18	0.215064
XM_026442055.1	3268	2849.92	94	2.45118
XM_026442059.1	1487	1068.92	6	0.417144
XM_001120831.5	1201	782.92	335	31.7986
XM_625107.6	1226	807.92	612	56.2942
XM_016913741.2	769	384.77	2052	396.329
XM_396503.7	4628	4209.92	718	12.6745
XM_026442062.1	1293	874.92	0	0
XR_411079.3	5814	5395.92	36	0.495812
XM_001122084.5	7540	7121.92	98	1.02261
XM_394908.7	1477	1058.92	86	6.03553
XM_026442063.1	5261	4842.92	146	2.2404
XR_003305088.1	6579	6160.92	27	0.325686
XR_001703865.2	4414	3995.92	3.09809	0.057618
XM_006561449.3	6506	6087.92	168	2.05079
XM_394722.7	3540	3121.92	40	0.952179
XM_026442080.1	3996	3577.92	63	1.30855
XM_394865.7	1345	926.92	347	27.8207
XM_026442082.1	2797	2378.92	134	4.18606
XM_006569788.3	2174	1755.92	98	4.14765
XM_003251379.4	1692	1273.92	76	4.43355
XM_016913699.2	2105	1686.92	747	32.9084
XM_016913692.2	2666	2247.92	80	2.64478
XM_016913693.2	1539	1120.92	122	8.08846
XM_394755.7	6729	6310.92	3879.98	45.6896
XM_394753.7	1600	1181.92	479	30.1181
XM_001121847.5	2374	1955.92	5	0.189976
XM_397351.7	5378	4959.92	230.841	3.45874
XM_624434.6	3564	3145.92	319	7.5357
XM_624411.6	7388	6969.92	293	3.12407
XM_397094.7	2667	2248.92	318	10.5083
XM_001122365.5	1792	1373.92	247	13.3603
XM_006564568.3	3900	3481.92	166	3.54299
XM_003250440.4	1327	908.92	11	0.899389
XR_410021.3	1682	1263.92	0	0
XM_006564622.3	10780	10361.9	245	1.75714
XM_394752.7	1971	1552.92	242	11.581
XM_006564617.3	2315	1896.92	3	0.117531
XM_006564616.3	2962	2543.92	80	2.33704
XM_001121781.5	2026	1607.92	582	26.8992
XM_003250442.4	986	568.999	141	18.4157
XR_003305089.1	1543	1124.92	25	1.65158
XM_016913708.2	5522	5103.92	79.6237	1.15936
XR_003305090.1	253	75.1704	4	3.95452
XM_003251117.4	3750	3331.92	258	5.75447
XR_411071.3	794	403.267	1	0.184284
XM_395384.7	1741	1322.92	2547	143.079
XM_394739.5	2232	1813.92	201	8.2349
XM_394738.5	1906	1487.92	452	22.5756
XM_395385.6	1346	927.92	2	0.160177
XM_016913397.2	4938	4519.92	142	2.33474
XM_026442107.1	4497	4078.92	1020	18.5838
XM_392948.7	3554	3135.92	3374	79.9577
XM_016913482.2	2384	1965.92	708	26.7638
XM_395784.7	1511	1092.92	215	14.6194
XM_393044.7	1328	909.92	687	56.1092
XM_003250301.4	649	294.187	579	146.263
XR_001703852.2	3280	2861.92	17.3934	0.451655
XR_409787.3	2042	1623.92	5	0.228816
XR_001703855.2	418	143.948	637	328.861
XR_003305096.1	1685	1266.92	0	0
XM_003250298.4	2345	1926.92	4109	158.472
XM_392857.6	1769	1350.92	1774	97.5898
XM_395548.7	1435	1016.92	252	18.416
XM_001121355.4	3916	3497.92	31	0.658616
XM_394923.7	958	543.151	304	41.5942
XM_392589.6	897	489.776	253	38.3887
XM_392590.7	1820	1401.92	1022	54.1761
XM_026442120.1	1045	626.92	1	0.118541
XR_003305097.1	5289	4870.92	1579.97	24.1056
XR_408453.3	1528	1109.92	242.843	16.2598
XR_001704006.2	1009	590.92	38	4.77898
XR_408448.3	637	284.998	32	8.34427
XM_396645.7	5027	4608.92	191	3.07974
XM_006569834.3	1628	1209.92	900	55.2798
XM_393403.7	2110	1691.92	777	34.1288
XM_026442122.1	4875	4456.92	285	4.75215
XM_395849.7	5317	4898.92	125	1.89623
XM_006558885.3	1747	1328.92	20	1.11844
XM_001122061.5	1110	691.92	622	66.8059
XM_026442126.1	2841	2422.92	875	26.838
XM_395760.7	2497	2078.92	113	4.03944
XR_003305103.1	1652	1233.92	347	20.8989
XR_003305112.1	1329	910.92	40	3.26332
XR_001704041.2	1518	1099.92	9	0.608082
XM_623857.5	4536	4117.92	122	2.20172
XM_026442132.1	1505	1086.92	598	40.8869
XM_001120524.5	553	225.143	406	134.013
XM_624084.5	937	524.46	635	89.9791
XM_006568011.3	6165	5746.92	218	2.81904
XM_006568520.3	814	419.117	1618	286.896
XM_395374.7	4659	4240.92	571	10.0059
XM_624336.5	892	485.335	760	116.373
XM_392983.7	853	451.846	862	141.774
XM_393593.7	2433	2014.92	423	15.6014
XM_006558869.3	1608	1189.92	80	4.99635
XM_001122532.5	1080	661.92	178	19.9846
XM_006557267.3	6704	6285.92	183	2.16353
XM_001120056.5	514	199.717	4997	1859.41
XM_393262.7	2611	2192.92	237.538	8.0499
XM_026442141.1	1107	688.92	670.462	72.3246
XM_006559583.3	3669	3250.92	694.696	15.8807
XR_001704044.2	840	440.837	5	0.842893
XR_001704043.2	1419	1000.92	2	0.148495
XR_003305116.1	1143	724.92	2	0.205031
XM_006566821.3	3270	2851.92	157	4.09112
XM_026442142.1	2436	2017.92	42	1.54677
XM_003249474.3	3195	2776.92	57	1.52543
XM_006569725.3	1024	605.92	80	9.81195
XM_026442143.1	2044	1625.92	643	29.3895
XR_003305117.1	1468	1049.92	2	0.141564
XM_001121573.5	1126	707.92	753	79.0481
XM_624414.6	1169	750.92	12601	1247.07
XM_006558850.3	1429	1010.92	905	66.5292
XM_003249355.4	999	580.92	632	80.8502
XM_026442146.1	4876	4457.92	1846.57	30.7833
XM_392498.7	1807	1388.92	5015	268.333
XM_016913723.2	3600	3181.92	324	7.56722
XM_001121669.5	6808	6389.92	301	3.50067
XM_006569794.3	7158	6739.92	957	10.5521
XM_026442163.1	3113	2694.92	5	0.137881
XM_395716.7	2169	1750.92	1997	84.7602
XM_026442168.1	1686	1267.92	1	0.0586123
XM_001121695.5	2726	2307.92	3304	106.39
XM_001121670.5	813	418.32	913	162.197
XM_026442169.1	1497	1078.92	33	2.27303
XM_006564535.3	2814	2395.92	1669.22	51.7751
XM_006564534.3	1374	955.92	771	59.9395
XM_006564547.3	6319	5900.92	28	0.35263
XM_392494.5	2416	1997.92	12	0.446358
XM_001120684.5	2531	2112.92	79	2.77859
XM_394742.7	2365	1946.92	202	7.71052
XR_003305118.1	3039	2620.92	29	0.822289
XR_003305120.1	4477	4058.92	64	1.17179
XR_003305133.1	976	559.657	4	0.531152
XM_624660.6	1289	870.92	81	6.91174
XR_411073.3	492	186.415	226	90.0963
XM_006569813.3	2631	2212.92	133	4.46649
XM_624248.6	1955	1536.92	16	0.773658
XM_001121019.5	1303	884.92	85	7.13831
XM_003250292.4	3214	2795.92	494	13.1305
XM_395308.6	1934	1515.92	709	34.7576
XM_393594.6	2615	2196.92	39	1.31926
XM_001120227.5	1096	677.92	104	11.4008
XM_026442174.1	1240	821.92	52	4.70169
XM_006561468.3	1059	640.92	464	53.8015
XM_001121574.5	3716	3297.92	122	2.74916
XM_394728.7	1359	940.92	2998.99	236.866
XM_395614.6	2824	2405.92	215	6.64106
XM_006559621.3	612	267.178	111	30.8747
XM_006559622.3	3149	2730.92	40	1.08851
XM_026442179.1	4166	3747.92	3	0.0594855
XM_396635.6	1971	1552.92	52	2.48848
XM_006562612.3	3470	3051.92	13	0.316556
XM_026442183.1	3174	2755.92	389	10.4897
XM_623696.6	2961	2542.92	80	2.33796
XM_026442184.1	1174	755.92	46	4.52233
XM_026442185.1	663	304.569	37	9.02811
XM_394764.6	1947	1528.92	20	0.972133
XR_120505.4	549	222.42	1	0.334122
XR_001704039.2	9062	8643.92	49.1386	0.422467
XM_393589.7	3345	2926.92	1035	26.2791
XM_006569775.3	1829	1410.92	386	20.3313
XR_003305157.1	292	92.2503	305	245.704
XM_006569693.3	3105	2686.92	300	8.29749
XM_006569699.3	619	272.264	8727	2382.07
XM_026442186.1	14543	14124.9	509	2.67801
XM_001121647.5	2591	2172.92	24	0.82082
XM_006558629.3	1461	1042.92	312	22.2323
XM_026442188.1	820	424.245	16	2.80274
XR_003305158.1	562	231.2	192	61.7155
XR_407972.3	4514	4095.92	5	0.0907191
XR_001704056.2	2375	1956.92	0	0
XR_003305161.1	490	185.197	34	13.6435
XM_003249314.4	1501	1082.92	0	0
XM_001121757.5	479	178.254	16	6.67056
XM_625144.5	2263	1844.92	76	3.06137
XM_006564682.3	2641	2222.92	148	4.94787
XM_624405.6	2550	2131.92	0	0
XM_006559445.3	1514	1095.92	383	25.9717
XM_006568066.3	2403	1984.92	8	0.299521
XM_026442191.1	7967	7548.92	75.1215	0.739537
XM_395592.7	4189	3770.92	332	6.54291
XM_026442209.1	4018	3599.92	71	1.4657
XM_026442210.1	5035	4616.92	178	2.86515
XM_624390.5	1683	1264.92	580	34.0757
XM_623489.6	1979	1560.92	3	0.142831
XM_006559603.3	936	523.612	140	19.87
XM_006559605.3	3806	3387.92	108	2.36903
XM_392499.5	4456	4037.92	24	0.441707
XM_006568021.3	4362	3943.92	438	8.25328
XR_001704053.2	325	108.554	1	0.684594
XM_006568268.3	1641	1222.92	0	0
XM_006568265.3	814	419.117	0	0
XM_026442214.1	1589	1170.92	0	0
XM_026442215.1	820	424.245	0	0
XM_006563847.3	4862	4443.92	178	2.97669
XM_395200.7	2072	1653.92	203	9.12141
XM_006559566.3	4642	4223.92	427	7.51264
XM_006559574.3	4116	3697.92	281	5.64715
XM_026442221.1	2390	1971.92	0	0
XM_026442223.1	2350	1931.92	106	4.07753
XM_026442224.1	1847	1428.92	12	0.624099
XM_026442225.1	2792	2373.92	170	5.32186
XM_016913387.2	2324	1905.92	7	0.272944
XM_006559563.3	1514	1095.92	341	23.1236
XM_006559564.3	1380	961.92	420	32.4482
XM_392721.7	821	425.079	659	115.212
XM_394714.7	4009	3590.92	1591	32.9264
XM_396457.5	2891	2472.92	181	5.43937
XM_003250290.4	2443	2024.92	2	0.0734011
XM_026442228.1	4672	4253.92	433	7.56448
XM_624274.6	3825	3406.92	171	3.73005
XM_395960.7	1367	948.92	372	29.1336
XM_623938.6	1843	1424.92	119	6.20636
XM_006559608.3	1313	894.92	68	5.64684
XM_001120020.5	710	339.519	18	3.93993
XM_026442230.1	12133	11714.9	17	0.107843
XM_026442232.1	6268	5849.92	21	0.266778
XM_393129.7	2641	2222.92	365	12.2025
XM_006562603.3	2554	2135.92	2157	75.0491
XM_003250084.4	2922	2503.92	40	1.18719
XM_003250087.4	1849	1430.92	0	0
XM_026442234.1	2347	1928.92	318	12.2516
XM_006558211.3	1807	1388.92	444	23.7567
XR_003305164.1	941	528.049	0	0
XM_026442242.1	5274	4855.92	672	10.2844
XR_001704055.2	531	210.657	0	0
XM_026442245.1	963	547.802	41	5.56213
XM_026442246.1	1112	693.92	346	37.055
XM_026442247.1	4503	4084.92	10	0.181927
XM_026442248.1	3856	3437.92	390	8.43042
XM_026442249.1	1446	1027.92	0	0
XM_623500.6	1098	679.92	338	36.9436
XM_026442250.1	1685	1266.92	653	38.304
XM_394718.6	6258	5839.92	225	2.86323
XM_026442251.1	2944	2525.92	824	24.2431
XM_026442252.1	2480	2061.92	357.282	12.8771
XM_026442253.1	2126	1707.92	933	40.5971
XM_026442254.1	1724	1305.92	0	0
XM_026442255.1	417	143.505	0	0
XM_396502.7	1253	834.92	1235	109.927
XM_026442256.1	830	432.602	2	0.343575
XM_003249035.4	3604	3185.92	246	5.73827
XM_026442257.1	3166	2747.92	10	0.270443
XM_026442258.1	5243	4824.92	0	0
XM_026442259.1	690	323.724	105	24.1043
XM_006569826.2	894	487.075	239	36.4656
XM_026442260.1	1433	1014.92	162	11.8622
XM_026442261.1	558	228.456	0	0
XM_026442262.1	2589	2170.92	74	2.53319
XM_001120296.5	3965	3546.92	429	8.98848
XM_396862.7	4406	3987.92	55	1.02494
XM_001120232.5	1181	762.92	133	12.9555
XM_026442266.1	516	200.959	140	51.7727
XM_016913775.2	13792	13373.9	1	0.00555676
XR_001704064.2	1009	590.92	0	0
XM_397412.7	1647	1228.92	308	18.6255
XM_016913756.2	2372	1953.92	382	14.529
XM_624166.5	2566	2147.92	38	1.31476
XM_026442267.1	1725	1306.92	407	23.1433
XM_026442268.1	1441	1022.92	1230	89.3601
XM_394733.7	1712	1293.92	2209	126.873
XM_395745.7	3682	3263.92	127	2.89164
XM_026442271.1	3712	3293.92	322	7.26479
XM_393071.7	3151	2732.92	647	17.5937
XM_026442272.1	2409	1990.92	3	0.111982
XM_006558859.3	2500	2081.92	2779	99.1985
XM_006559656.3	2875	2456.92	324	9.80019
XM_026442275.1	746	367.165	3	0.607213
XM_624366.6	1443	1024.92	731	53.0039
XM_016913765.2	2158	1739.92	861	36.7751
XM_001120925.5	2087	1668.92	33	1.46946
XM_006558868.3	1377	958.92	978	75.7944
XM_006558866.3	1620	1201.92	199	12.3043
XM_016913768.2	1581	1162.92	526	33.6137
XM_394746.7	2368	1949.92	1.04953	0.0399999
XR_001704065.2	3766	3347.92	0	0
XM_001119928.5	1704	1285.92	6	0.346751
XM_392912.7	799	407.239	3178	579.943
XR_003305165.1	350	119.719	0	0
XM_006568054.3	2370	1951.92	44	1.67522
XR_001703867.2	1031	612.92	5	0.606243
XM_016913410.2	5591	5172.92	63	0.905076
XM_026442282.1	2873	2454.92	106	3.20885
XM_026442285.1	1843	1424.92	261	13.6123
XM_001122379.5	1213	794.92	10	0.934882
XM_624592.5	1008	589.92	1141	143.738
XR_001703868.2	1590	1171.92	27	1.71217
XR_120199.4	1312	893.92	2	0.166269
XR_001703869.2	618	271.506	2	0.547432
XR_003305167.1	1327	908.92	1	0.0817626
XM_003251198.4	1297	878.92	560	47.3499
XM_001123340.5	1617	1198.92	98	6.07458
XM_006558916.3	1572	1153.92	0	0
XM_395161.6	1271	852.92	286	24.9194
XM_623622.6	1541	1122.92	2576	170.482
XM_624936.6	3187	2768.92	190.461	5.11183
XM_006564571.3	3384	2965.92	139	3.48286
XM_006564574.3	1746	1327.92	225	12.5919
XM_395545.7	2375	1956.92	105	3.98746
XM_026442291.1	1819	1400.92	218	11.5644
XM_026442296.1	3239	2820.92	37	0.974746
XM_006564593.3	3023	2604.92	691	19.7135
XM_006564579.3	3020	2601.92	164	4.68414
XM_006564590.3	1984	1565.92	186	8.82722
XM_006564589.3	2463	2044.92	1044	37.9406
XM_026442299.1	2828	2409.92	300	9.25122
XM_006566835.3	2912	2493.92	9	0.268189
XM_397120.7	1027	608.92	1	0.122045
XM_026442302.1	3854	3435.92	84	1.81684
XM_395655.7	1409	990.92	271	20.3241
XM_623091.5	1669	1250.92	57	3.3863
XM_001123118.5	3729	3310.92	467	10.4821
XM_026442304.1	1070	651.92	328	37.3904
XM_624245.6	2549	2130.92	28	0.976498
XM_026442305.1	2797	2378.92	1	0.0312392
XR_003305170.1	3227	2808.92	0	0
XM_006559578.3	2889	2470.92	2379	71.5511
XM_026442311.1	3099	2680.92	26	0.720726
XM_016913666.2	9108	8689.92	55.2147	0.472193
XM_392763.6	1783	1364.92	980	53.358
XM_395323.6	1248	829.92	191	17.1032
XR_001704014.2	2993	2574.92	0	0
XR_001704033.2	4571	4152.92	0	0
XM_393051.7	1481	1062.92	228	15.941
XM_001122669.5	2295	1876.92	229	9.06714
XM_006569710.3	2118	1699.92	10	0.437172
XM_026442318.1	3197	2778.92	473	12.6493
XM_624558.6	890	483.589	1332	204.696
XM_396646.7	943	529.809	237	33.2437
XM_006568019.3	1807	1388.92	183	9.79161
XM_006569784.3	1698	1279.92	424	24.6186
XM_006568026.3	1860	1441.92	162	8.34938
XM_392615.5	2332	1913.92	791	30.7138
XM_016913796.2	3131	2712.92	66	1.80795
XM_006559443.3	1134	715.92	2330	241.864
XM_016913538.2	7031	6612.92	71	0.797895
XM_001121946.5	3609	3190.92	695.044	16.1874
XM_016913540.2	3182	2763.92	490	13.175
XR_003305175.1	2695	2276.92	151	4.92844
XM_026442322.1	6968	6549.92	6	0.0680763
XM_001121803.5	1178	759.92	239	23.3728
XM_624591.6	965	549.65	413	55.8398
XM_624141.5	2542	2123.92	49	1.7145
XM_394734.7	3075	2656.92	151	4.22356
XM_001121788.5	2166	1747.92	60	2.551
XM_006564595.3	1219	800.92	967	89.7259
XM_006569732.3	2632	2213.92	75	2.51756
XM_006564554.3	4706	4287.92	907.82	15.7338
XM_624805.6	1993	1574.92	259	12.2214
XM_016913487.2	3018	2599.92	819	23.4102
XR_003305177.1	1489	1070.92	1	0.0693942
XM_624108.6	1580	1161.92	1152	73.6812
XM_396181.7	2006	1587.92	542	25.3659
XM_396904.7	4546	4127.92	525	9.45167
XM_396906.7	3951	3532.92	203	4.27015
XM_001122360.5	2710	2291.92	602	19.5199
XM_006564505.3	2148	1729.92	61	2.6205
XM_016913501.2	2840	2421.92	116	3.55941
XM_026442334.1	695	327.465	1	0.226943
XM_624928.6	6685	6266.92	406	4.81451
XM_006568255.3	6290	5871.92	231.144	2.92538
XM_394762.7	7093	6674.92	364.113	4.05387
XM_003251199.4	5135	4716.92	298.293	4.69965
XM_003251162.4	3103	2684.92	244	6.75366
XM_001121804.5	1059	640.92	192	22.2627
XM_003251197.3	1270	851.92	8	0.697865
XR_003305178.1	3175	2756.92	335	9.03028
XR_001704029.2	5903	5484.92	10.0866	0.136664
XR_411242.3	1342	923.92	0	0
XM_396039.7	2119	1700.92	547	23.8992
XR_120200.4	804	411.364	213	38.4798
XR_001704088.2	650	294.98	5	1.25967
XM_001120879.4	4032	3613.92	1	0.0205637
XM_006568514.3	1986	1567.92	4	0.18959
XM_026442343.1	1686	1267.92	757	44.3695
XM_026442345.1	5119	4700.92	151	2.38712
XM_006563787.3	2917	2498.92	11	0.32713
XM_395811.6	1797	1378.92	405	21.8271
XM_003250296.4	1618	1199.92	606	37.5319
XM_006563793.3	708	337.902	2035	447.562
XR_003305179.1	481	179.553	27	11.1751
XR_001703862.2	292	92.2503	17	13.695
XR_001703860.2	1288	869.92	312	26.6536
XM_006569728.3	2796	2377.92	125	3.90655
XM_026442359.1	3087	2668.92	115	3.20216
XM_393060.7	2617	2198.92	0	0
XM_394827.6	1405	986.92	5	0.376503
XM_026442360.1	2716	2297.92	41	1.32596
XM_026442361.1	3030	2611.92	16	0.45524
XM_026442362.1	1878	1459.92	121	6.15938
XR_001704085.2	1846	1427.92	78	4.05949
XM_006564597.3	2108	1689.92	157	6.90421
XM_003249471.4	3984	3565.92	96	2.00069
XM_392487.7	4845	4426.92	54.0925	0.908063
XR_001703870.2	3084	2665.92	99	2.75974
XR_408426.3	3021	2602.92	136	3.88292
XR_001703881.2	819	423.384	12	2.10634
XR_003305183.1	2192	1773.92	19	0.795976
XM_006559646.3	1705	1286.92	99	5.71695
XM_006559645.3	1288	869.92	0	0
XR_408464.3	1227	808.92	0	0
XM_397060.5	4252	3833.92	362	7.01691
XM_006559650.3	2183	1764.92	164	6.90557
XM_397062.7	3819	3400.92	658	14.3784
XM_003249477.4	1540	1121.92	33	2.18591
XM_001119929.5	1480	1061.92	226	15.816
XM_397061.7	1278	859.92	326	28.1734
XM_625096.5	1336	917.92	619	50.1148
XM_003249196.4	5052	4633.92	464.932	7.45627
XR_001703886.2	7261	6842.92	90	0.977421
XR_119774.4	1402	983.92	65	4.90946
XR_003305202.1	1492	1073.92	0	0
XR_003305203.1	1149	730.92	0	0
XR_003305204.1	1350	931.92	5	0.398723
XM_393000.6	2503	2084.92	522	18.6064
XM_026442366.1	1791	1372.92	19	1.02846
XM_393135.7	868	464.629	325	51.9825
XM_026442367.1	17415	16996.9	581.07	2.54061
XM_624226.6	1615	1196.92	288	17.8817
XM_006558216.3	4308	3889.92	375	7.16425
XM_026442372.1	741	363.318	0	0
XM_623695.6	1270	851.92	375	32.7124
XM_003251381.4	1606	1187.92	719	44.9803
XM_006558653.2	1378	959.92	746	57.7543
XM_026442375.1	1223	804.92	2252	207.92
XM_006564606.3	8006	7587.92	61	0.597431
XM_026442376.1	4711	4292.92	72	1.24641
XM_016913496.2	1246	827.92	208	18.6705
XM_006564610.2	3198	2779.92	235	6.28226
XM_006564609.3	2835	2416.92	748	22.9996
XM_393018.7	1127	708.92	473	49.5843
XM_623964.6	1523	1104.92	34	2.2868
XM_006559660.3	4406	3987.92	191	3.55932
XM_395098.7	2945	2526.92	570	16.7635
XM_397179.7	1533	1114.92	20	1.33311
XR_003305205.1	2798	2379.92	0	0
XM_006559664.3	713	341.763	52	11.3073
XM_026442378.1	1806	1387.92	38	2.0347
XM_016913327.2	983	566.283	1116	146.457
XM_016913810.2	1242	823.92	616	55.5618
XM_624931.6	855	453.525	1087	178.118
XM_026442381.1	643	289.618	352	90.3227
XM_026442382.1	686	320.623	1184	274.434
XM_392882.7	1745	1326.92	85	4.76052
XM_026442383.1	1653	1234.92	113	6.80017
XM_006564669.3	1059	640.92	72	8.34851
XM_624997.6	1714	1295.92	1650	94.6207
XM_623527.6	849	448.428	630	104.407
XM_397314.7	554	225.754	1528	503.001
XM_026442386.1	1471	1052.92	55	3.88193
XM_026442387.1	12643	12224.9	72	0.43769
XM_026442420.1	1464	1045.92	0	0
XR_001703931.2	988	570.863	5	0.650906
XR_003305207.1	1303	884.92	0	0
XM_026442421.1	812	417.604	6	1.06774
XM_006563845.3	1403	984.92	4	0.301814
XM_026442422.1	2886	2467.92	0	0
XM_003249823.4	1605	1186.92	1	0.0626122
XM_003250899.4	1450	1031.92	28	2.01647
XM_016913369.2	9132	8713.92	1143	9.74795
XM_026442426.1	2043	1624.92	19	0.868965
XR_003305211.1	5766	5347.92	8	0.111169
XM_016913531.2	4106	3687.92	131	2.6398
XM_016913527.2	1663	1244.92	2945	175.802
XM_623210.6	4793	4374.92	2890	49.0917
XR_003305212.1	778	390.487	95	18.08
XR_003305213.1	1011	592.92	1	0.125338
XR_410805.3	1262	843.92	16.6647	1.4675
XM_003250085.4	1025	606.92	17	2.0816
XR_003305214.1	1676	1257.92	3	0.177235
XM_006558209.3	1093	674.92	1113	122.553
XM_006561437.3	8588	8169.92	330	3.00176
XM_006561426.3	4970	4551.92	246	4.01625
XM_003249831.4	2367	1948.92	3	0.114395
XM_026442430.1	1421	1002.92	11	0.815092
XR_409135.3	6211	5792.92	23	0.29506
XM_003249481.4	918	507.94	7	1.02416
XM_003249829.4	2349	1930.92	2	0.0769744
XM_003249830.4	2804	2385.92	3	0.0934428
XM_026442436.1	15027	14608.9	127	0.64605
XM_006559529.3	3082	2663.92	10	0.278971
XM_003250895.4	1620	1201.92	0	0
XM_003250893.4	1151	732.92	0	0
XM_003250894.4	1301	882.92	2	0.168341
XR_001704101.2	2356	1937.92	147	5.63718
XM_394711.7	3555	3136.92	150	3.5536
XM_026442439.1	8986	8567.92	867	7.52011
XM_026442454.1	1895	1476.92	8	0.402544
XR_001704026.2	3372	2953.92	1	0.0251583
XM_016913816.2	1136	717.92	1	0.103515
XR_410019.3	2738	2319.92	0	0
XM_006563779.3	1633	1214.92	6	0.367015
XM_003251114.3	3308	2889.92	1	0.0257155
XR_408431.3	1831	1412.92	9	0.473375
XM_006559428.3	1391	972.92	2	0.152768
XM_006559586.3	910	501.155	247	36.6273
XM_006557268.3	1428	1009.92	207	15.2322
XM_003249034.4	751	371.083	713	142.79
XR_001703895.2	339	115.292	0	0
XM_003250445.4	2663	2244.92	16	0.529663
XM_394934.6	4775	4356.92	154	2.62677
XM_016913572.2	4309	3890.92	67	1.27968
XM_623947.6	2907	2488.92	262	7.82295
XM_393065.7	1894	1475.92	40	2.01408
XM_006566801.3	460	167.15	3	1.33382
XM_026442461.1	490	185.197	6	2.40767
XR_003305218.1	464	169.678	19	8.32161
XR_411069.3	1329	910.92	18	1.4685
XR_001703942.2	7335	6916.92	63	0.676875
XM_006559433.3	2067	1648.92	191	8.60824
XM_006559434.3	799	407.239	5073	925.755
XM_395348.6	3222	2803.92	134	3.55156
XM_392773.7	1534	1115.92	102	6.79278
XM_393573.7	2614	2195.92	542	18.3427
XM_001120393.5	1338	919.92	199	16.0762
XR_003305223.1	4197	3778.92	0	0
XM_026442463.1	4058	3639.92	390	7.96257
XM_026442469.1	3544	3125.92	392	9.31941
XM_026442473.1	1174	755.92	10	0.983116
XM_006558650.3	1860	1441.92	465	23.9658
XM_625092.5	1497	1078.92	228	15.7046
XM_001121229.5	1230	811.92	478	43.7517
XM_026442478.1	829	431.804	2816	484.647
XM_392585.7	1876	1457.92	181	9.22625
XR_410012.3	298	94.9857	0	0
XM_396499.7	2400	1981.92	3	0.11249
XM_026442480.1	1017	598.92	580	71.968
XM_001121135.5	4194	3775.92	102	2.00751
XM_001120359.5	1471	1052.92	863	60.911
XM_016913470.2	858	456.056	4	0.651812
XM_006568057.3	1128	709.92	0	0
XM_006562608.3	1599	1180.92	0	0
XM_026442482.1	1168	749.92	0	0
XR_001703838.2	479	178.254	0	0
XM_006558204.3	4631	4212.92	161	2.84003
XM_394713.7	2390	1971.92	77	2.9019
XM_006558196.3	5079	4660.92	228	3.63533
XR_407758.3	2411	1992.92	1	0.0372898
XR_001703935.2	1465	1046.92	17	1.20675
XM_395835.7	2403	1984.92	233	8.72355
XM_016913579.2	2357	1938.92	458	17.5544
XM_624138.6	1158	739.92	488	49.0135
XM_006563776.3	1758	1339.92	862.829	47.8549
XM_624106.6	1225	806.92	843	77.6386
XR_001703946.2	1626	1207.92	0	0
XR_001703954.2	1474	1055.92	0	0
XR_001703952.2	629	279.188	1	0.266185
XM_016913727.2	1543	1124.92	69	4.55835
XM_026442492.1	1741	1322.92	281	15.7853
XM_397354.7	1082	663.92	616	68.9518
XM_026442495.1	5346	4927.92	745	11.235
XM_006558883.3	4645	4226.92	116	2.03946
XM_026442496.1	2187	1768.92	167	7.01599
XM_006561453.3	3411	2992.92	769	19.0946
XM_006561450.3	8359	7940.92	1130.08	10.576
XM_003249834.4	2784	2365.92	328	10.3028
XM_016913357.2	2087	1668.92	530	23.6005
XM_003249835.4	1790	1371.92	412	22.3177
XM_026442500.1	10941	10522.9	5110	36.0882
XR_001703837.2	1678	1259.92	302	17.8133
XM_395711.7	2349	1930.92	323	12.4314
XM_006559675.3	1667	1248.92	107	6.36692
XM_623621.6	1182	763.92	95	9.24179
XM_016913625.2	10354	9935.92	2086	15.6022
XR_408459.3	2051	1632.92	63	2.86719
XM_006569733.3	2202	1783.92	6	0.249952
XM_006569741.3	2944	2525.92	173	5.08987
XM_016913600.2	1863	1444.92	4	0.20573
XR_001703971.2	3654	3235.92	1	0.0229659
XR_001703972.2	3327	2908.92	1	0.0255475
XM_026442514.1	1292	873.92	73	6.20771
XM_396290.5	5764	5345.92	134	1.86279
XM_624191.6	2168	1749.92	26	1.10417
XR_409767.3	1048	629.92	10	1.17976
XR_001703958.2	440	155.569	8	3.82161
XR_409765.3	1591	1172.92	18	1.14047
XR_409766.3	1489	1070.92	0	0
XR_003305227.1	2151	1732.92	2	0.0857693
XM_006564656.3	4597	4178.92	1824	32.437
XR_003305228.1	6223	5804.92	11.2045	0.143442
XR_003305236.1	5638	5219.92	25	0.355923
XR_001703999.2	3029	2610.92	12	0.341561
XR_410027.3	1469	1050.92	4	0.282859
XR_001704000.2	549	222.42	0	0
XM_026442519.1	16850	16431.9	169	0.764326
XM_003251195.4	2560	2141.92	3	0.104087
XM_393481.7	5560	5141.92	84	1.21404
XM_393480.7	3325	2906.92	245	6.26345
XM_393479.7	1810	1391.92	418	22.3173
XM_393483.7	1432	1013.92	889	65.1596
XM_006563759.3	988	570.863	13	1.69236
XM_006563763.3	957	542.24	387	53.0396
XM_026442520.1	5832	5413.92	86	1.1805
XM_006564680.3	2531	2112.92	518	18.2191
XM_397085.7	1706	1287.92	182	10.5018
XM_001122159.5	2901	2482.92	86	2.57405
XM_624332.6	2500	2081.92	1357	48.4391
XM_001120611.5	819	423.384	587	103.035
XM_003250439.4	654	297.972	1429	356.4
XM_026442522.1	11872	11453.9	422	2.73803
XM_006564541.3	7322	6903.92	813	8.75135
XR_003305247.1	1324	905.92	0	0
XM_001122632.4	2528	2109.92	1	0.035222
XM_623282.6	2372	1953.92	1675	63.7072
XM_016913520.2	1707	1288.92	126	7.26482
XM_003251387.4	5322	4903.92	238	3.60673
XM_623771.6	1513	1094.92	1146	77.7826
XR_003305248.1	1026	607.92	0	0
XR_003305249.1	1069	650.92	0	0
XM_006566834.3	1549	1130.92	22	1.44568
XR_003305250.1	1888	1469.92	0	0
XM_016913658.2	2558	2139.92	0	0
XM_395120.7	3183	2764.92	746	20.051
XM_623410.6	3671	3252.92	206	4.70624
XM_016913661.2	2421	2002.92	127	4.71217
XM_395147.7	2890	2471.92	255	7.66631
XM_624878.5	1727	1308.92	181	10.2765
XM_397283.7	2766	2347.92	3	0.0949551
XM_006569764.3	6805	6386.92	566	6.58575
XM_006558898.3	3079	2660.92	1153	32.2016
XM_026442531.1	2678	2259.92	97.3691	3.20191
XM_624639.6	2046	1627.92	326	14.8821
XM_006558900.3	838	439.168	179.959	30.4525
XR_003305251.1	253	75.1704	3	2.96589
XM_006558915.3	4266	3847.92	313	6.04503
XM_026442536.1	10301	9882.92	2415	18.1599
XM_006559431.3	2541	2122.92	860	30.1055
XM_026442542.1	1381	962.92	128	9.87871
XM_392719.7	1495	1076.92	2421	167.067
XM_395238.7	2229	1810.92	17	0.697638
XM_392884.7	1521	1102.92	274	18.4623
XM_395426.7	8054	7635.92	0	0
XM_623907.6	4765	4346.92	77	1.3164
XM_016913645.2	1535	1116.92	94	6.25441
XM_003249490.4	1579	1160.92	72	4.60904
XM_006559447.3	6767	6348.92	278	3.25406
XM_006559483.3	6921	6502.92	456	5.21119
XM_026442553.1	3356	2937.92	71	1.79597
XM_001123356.5	2752	2333.92	21	0.668673
XM_003249483.4	3613	3194.92	50	1.16303
XM_026442556.1	2522	2103.92	280	9.89029
XM_006559458.3	4489	4070.92	1110	20.2633
XM_006559466.3	2136	1717.92	141	6.09953
XM_003249478.4	2375	1956.92	358	13.5953
XM_396698.7	1997	1578.92	392	18.4504
XM_026442565.1	3317	2898.92	397	10.1773
XM_006559505.3	2416	1997.92	324	12.0517
XM_016913344.2	2832	2413.92	704	21.6736
XM_006559506.3	1486	1067.92	731	50.8697
XM_395166.7	1723	1304.92	312	17.7685
XM_026442568.1	2077	1658.92	148	6.63005
XM_624971.6	1215	796.92	590	55.0196
XM_001123353.5	1719	1300.92	7676	438.495
XM_396699.7	2921	2502.92	177	5.25541
XM_026442570.1	985	568.098	0	0
XM_001123354.5	887	481.038	582	89.9133
XM_006559465.3	884	478.517	4	0.621217
XM_026442571.1	584	246.617	290	87.3888
XM_001120568.5	417	143.505	1072	555.149
XM_006559456.3	1936	1517.92	0	0
XR_001703823.2	5091	4672.92	29	0.461201
XR_408386.3	1357	938.92	1	0.0791502
XR_001703824.2	1201	782.92	2	0.189842
XR_001703830.2	1290	871.92	0	0
XR_003305259.1	1430	1011.92	5	0.367201
XR_003305260.1	411	141.414	0	0
XM_006559521.3	1538	1119.92	98	6.50309
XM_395441.7	1791	1372.92	156	8.44422
XM_006559522.3	1048	629.92	789	93.0834
XM_006559515.3	1080	661.92	22	2.47
XM_624868.6	592	252.3	156	45.9503
XM_006559524.3	3032	2613.92	81.7381	2.32387
XM_006559526.3	2875	2456.92	27.2619	0.824604
XM_006559523.3	1248	829.92	74	6.62637
XM_396279.6	2341	1922.92	296	11.4396
XM_001120720.5	2851	2432.92	135	4.12369
XM_003249827.4	5028	4609.92	1134	18.281
XM_006561423.3	1312	893.92	862	71.662
XM_026442577.1	1093	674.92	735	80.9311
XM_001122742.5	2384	1965.92	595	22.4922
XM_395507.7	1394	975.92	42	3.19827
XM_006558855.3	1084	665.92	800	89.2788
XM_396738.6	649	294.187	2165	546.908
XM_016913652.2	2376	1957.92	5	0.189782
XM_392843.7	1024	605.92	6313	774.285
XM_001121491.5	1007	588.92	625	78.8686
XM_394758.7	2883	2464.92	30.148	0.908943
XM_016913630.2	4141	3722.92	30	0.59885
XM_006568030.3	809	415.37	111	19.8595
XR_411074.3	1607	1188.92	7	0.437548
XR_001703970.2	1018	599.92	2	0.247752
XM_006563864.3	2586	2167.92	3	0.102839
XM_393264.6	4623	4204.92	145	2.56266
XM_016913677.2	1464	1045.92	0	0
XM_006563862.3	1154	735.92	0	0
XR_003305262.1	698	329.794	0	0
XM_001120461.5	3496	3077.92	3	0.0724343
XM_006563860.3	1819	1400.92	8	0.424382
XM_001120599.5	585	247.311	585	175.789
XM_006563858.3	721	347.956	6	1.28147
XM_396554.6	2149	1730.92	95	4.07875
XM_006564515.3	3449	3030.92	345	8.45912
XM_016913662.2	1891	1472.92	531	26.7914
XM_006564514.3	3593	3174.92	954	22.3304
XM_016913363.2	4993	4574.92	353	5.73418
XM_006561451.3	2485	2066.92	44	1.58201
XM_006563802.3	3643	3224.92	991	22.8368
XM_026442588.1	2341	1922.92	350	13.5266
XM_623324.6	2371	1952.92	739	28.1216
XM_026442590.1	743	364.875	0	0
XM_026442591.1	1986	1567.92	7	0.331783
XR_003305264.1	191	48.5751	1751.96	2680.35
XR_003305265.1	176	41.4421	0	0
XR_003305266.1	175	40.9398	0	0
XR_003305267.1	172	39.8734	0	0
XR_003305268.1	172	39.8734	15.0103	27.9761
XM_001121872.5	3329	2910.92	270	6.89309
XR_001704279.2	2011	1592.92	152	7.09137
XM_392530.7	6953	6534.92	383	4.35551
XM_006561868.3	8922	8503.92	14.1467	0.123627
XR_003305278.1	3881	3462.92	0	0
XM_001119931.5	5059	4640.92	2838	45.4453
XM_003249898.4	6013	5594.92	0	0
XM_006561849.3	5178	4759.92	128.177	2.00121
XM_006561855.3	3003	2584.92	18	0.517495
XR_003305280.1	4095	3676.92	2	0.0404228
XM_396827.6	6445	6026.92	177	2.18252
XR_003305281.1	430	150.544	0	0
XM_001120735.5	714	342.606	0	0
XM_001122470.5	4690	4271.92	4	0.0695853
XM_016914104.2	1133	714.92	0	0
XR_001704287.2	2377	1958.92	2.04068	0.0774173
XR_003305282.1	4204	3785.92	2	0.039259
XM_006571942.3	4873	4454.92	84	1.40126
XR_003305283.1	485	181.965	0	0
XM_006571941.3	1149	730.92	217	22.0633
XM_026442642.1	633	281.967	1653	435.668
XM_623826.6	3774	3355.92	299	6.62125
XM_026442643.1	5584	5165.92	238	3.42381
XM_003249690.4	2727	2308.92	104	3.34738
XM_006560733.3	1961	1542.92	990	47.6839
XM_392553.7	1543	1124.92	507	33.494
XM_026442664.1	2883	2464.92	1	0.0301493
XR_001704131.2	2315	1896.92	136	5.32807
XR_003305287.1	4325	3906.92	4	0.0760862
XR_003305290.1	2239	1820.92	1	0.0408122
XR_003305292.1	471	173.584	0	0
XR_003305293.1	2400	1981.92	0	0
XM_006560749.3	1655	1236.92	642	38.5721
XR_408859.3	2593	2174.92	9	0.307524
XR_003305294.1	3368	2949.92	99.5381	2.50761
XM_006561585.3	9577	9158.92	2309	18.7353
XM_624774.6	2635	2216.92	24	0.804529
XM_624760.5	1291	872.92	641	54.5713
XM_026442665.1	2545	2126.92	189	6.60376
XM_395427.7	3276	2857.92	757	19.6846
XM_623837.5	1206	787.92	235	22.1649
XM_026442667.1	4992	4573.92	107.652	1.7491
XM_026442669.1	607	263.485	1568	442.253
XM_016914106.2	2288	1869.92	29	1.15254
XM_392828.7	2700	2281.92	782	25.4675
XM_026442671.1	4741	4322.92	58	0.997083
XM_026442674.1	1609	1190.92	72	4.49294
XM_026442675.1	1961	1542.92	820	39.4958
XM_624665.6	1850	1431.92	1509	78.3161
XR_003305296.1	2386	1967.92	0	0
XM_003249872.4	3966	3547.92	21	0.439872
XM_396220.6	963	547.802	4	0.542646
XM_026442678.1	1038	619.92	0	0
XM_001122696.5	901	493.313	25	3.76616
XM_625148.6	968	552.339	0	0
XM_001122724.5	1344	925.92	0	0
XM_393105.7	1264	845.92	21	1.84489
XM_006561656.3	1698	1279.92	0	0
XM_026442679.1	779	391.305	0	0
XM_006561655.3	587	248.711	0	0
XM_026442680.1	4250	3831.92	408	7.91269
XM_026442684.1	2363	1944.92	192	7.33635
XM_392903.7	1074	655.92	914	103.556
XM_393549.7	2195	1776.92	1351	56.5025
XM_006561749.3	6633	6214.92	2.00206	0.0239398
XM_006561748.3	8669	8250.92	4	0.0360278
XM_003249881.4	1640	1221.92	0	0
XM_006558350.3	4768	4349.92	897	15.3247
XM_026442689.1	7005	6586.92	578	6.52118
XM_003249865.4	2760	2341.92	148	4.69645
XM_624849.6	739	361.794	2207	453.337
XM_026442691.1	1517	1098.92	740	50.0433
XM_006561573.3	3188	2769.92	267	7.16349
XM_016913853.2	1185	766.92	261	25.2913
XM_026442695.1	3128	2709.92	363	9.95475
XM_006561566.3	1197	778.92	3420	326.297
XM_392511.7	3016	2597.92	668	19.1087
XM_006561650.3	2386	1967.92	44	1.6616
XM_396632.7	1610	1191.92	626	39.0308
XM_026442700.1	5746	5327.92	112	1.56221
XM_026442702.1	827	430.13	166	28.6806
XM_026442704.1	3371	2952.92	31	0.780172
XM_396411.7	2611	2192.92	11	0.372778
XM_392512.7	1393	974.92	1276	97.2662
XM_392513.7	3251	2832.92	1619	42.471
XM_001120892.5	547	221.039	811	272.667
XM_003249027.4	2169	1750.92	1086	46.094
XM_026442706.1	572	238.361	1770	551.848
XM_016914127.2	4103	3684.92	195	3.93267
XM_396332.6	1952	1533.92	365	17.6836
XM_003250988.4	5167	4748.92	314.569	4.92269
XM_026442708.1	2662	2243.92	289	9.5713
XM_026442709.1	1771	1352.92	646	35.4847
XM_016914194.2	867	463.713	115	18.4302
XM_394921.6	1903	1484.92	263	13.1623
XM_394922.7	1678	1259.92	1356	79.9829
XM_001121104.5	648	293.528	170	43.0407
XM_026442714.1	842	442.396	700	117.589
XM_026442715.1	3756	3337.92	0	0
XM_026442719.1	2624	2205.92	96	3.23416
XM_026442720.1	3393	2974.92	16	0.399692
XM_026442721.1	1965	1546.92	449	21.5704
XM_001122247.5	916	506.145	191	28.0439
XM_393089.7	676	313.816	4069	963.591
XM_016913981.2	2672	2253.92	1164	38.3791
XM_392545.7	4256	3837.92	417	8.07459
XM_026442722.1	3937	3518.92	60	1.26713
XM_016914141.2	2092	1673.92	471	20.9106
XM_006561684.3	2450	2031.92	296	10.8259
XM_006561685.3	1517	1098.92	2	0.135252
XM_003249867.4	1496	1077.92	1352	93.2117
XM_006561686.3	1171	752.92	420	41.4554
XM_026442726.1	4294	3875.92	531.883	10.1982
XM_016913856.2	1758	1339.92	0	0
XM_624776.5	521	204.354	350	127.281
XM_003249845.4	555	226.445	117	38.3976
XR_001704299.2	148	29.1616	52	132.517
XM_006561904.3	1839	1420.92	0	0
XM_006567583.3	2159	1740.92	717	30.607
XM_006567405.3	2060	1641.92	207	9.36912
XM_026442729.1	7793	7374.92	191	1.92467
XM_006567453.3	1605	1186.92	123	7.7013
XM_392521.7	1875	1456.92	338	17.241
XM_006571988.3	1534	1115.92	590	39.2916
XM_001123307.5	824	427.578	192	33.3708
XM_006571950.3	9130	8711.92	562	4.79405
XM_026442735.1	1652	1233.92	356	21.4409
XR_003305309.1	1133	714.92	28	2.91059
XR_003305313.1	1310	891.92	0	0
XR_003305314.1	617	270.847	1	0.274383
XM_026442738.1	12191	11772.9	1502	9.48126
XM_006561599.3	7593	7174.92	234	2.4237
XM_016913963.2	5660	5241.92	0	0
XM_026442739.1	5949	5530.92	384	5.15958
XR_001704208.2	11975	11556.9	3	0.0192912
XM_006561875.3	2073	1654.92	0	0
XM_016914150.2	4578	4159.92	2	0.0357294
XM_003250979.4	2360	1941.92	97	3.71211
XM_026442746.1	2437	2018.92	2	0.0736192
XM_016914154.2	3482	3063.92	153	3.71103
XR_001706278.2	750	370.27	0	0
XR_003305318.1	4107	3688.92	16	0.32233
XR_003305319.1	4457	4038.92	24	0.441597
XM_006567391.3	9554	9135.92	3349.22	27.2441
XM_006567389.3	7252	6833.92	2071	22.5212
XM_026442749.1	1279	860.92	0	0
XM_006561734.3	3823	3404.92	163	3.55763
XM_026442750.1	1660	1241.92	146	8.73654
XM_026442751.1	1645	1226.92	0	0
XM_026442752.1	2030	1611.92	171	7.88375
XM_001123300.5	1288	869.92	463	39.5532
XM_001122675.5	1635	1216.92	470	28.7023
XM_392926.7	1218	799.92	1147	106.561
XM_001121136.5	3679	3260.92	247	5.62908
XM_003249919.4	1279	860.92	0	0
XM_006561881.3	1069	650.92	0	0
XM_026442753.1	4488	4069.92	797	14.553
XM_006572634.3	1031	612.92	59	7.15367
XM_392515.7	3285	2866.92	849	22.0076
XM_006567378.3	1482	1063.92	1376	96.1147
XM_006561882.3	891	484.453	0	0
XM_026442756.1	3262	2843.92	981	25.6349
XM_395779.7	953	538.6	421	58.0893
XM_016917412.2	1228	809.92	0	0
XM_001121754.5	869	465.546	5	0.798157
XM_003251017.4	3928	3509.92	27	0.571672
XM_003251016.4	708	337.902	1	0.219932
XM_016913972.2	3742	3323.92	0	0
XM_006561800.3	2048	1629.92	5	0.227973
XM_016913974.2	1910	1491.92	1	0.0498121
XM_026442758.1	664	305.268	0	0
XM_006561879.3	2035	1616.92	2	0.0919225
XM_001121782.5	686	320.623	0	0
XM_026442759.1	1690	1271.92	344	20.0992
XM_006571947.3	2913	2494.92	388	11.5573
XM_001120836.5	3664	3245.92	78	1.78582
XM_001120795.5	1939	1520.92	1	0.0488623
XR_003305333.1	1985	1566.92	0	0
XM_623286.6	3825	3406.92	169	3.68642
XM_393103.7	930	518.561	656	94.0123
XM_006561665.3	574	239.741	1353	419.406
XM_026442763.1	2067	1648.92	0	0
XM_396143.7	2425	2006.92	54	1.9996
XM_026442764.1	1140	721.92	35	3.60296
XM_026442766.1	767	383.205	335	64.9673
XM_026442770.1	977	560.593	7	0.927963
XM_006561596.3	1199	780.92	1	0.0951643
XM_026442771.1	2155	1736.92	563	24.0885
XM_003249029.4	540	216.549	418	143.45
XM_001122868.5	571	237.713	0	0
XM_026442775.1	1649	1230.92	466	28.1343
XM_624355.6	1449	1030.92	806	58.1019
XM_026442777.1	713	341.763	637	138.514
XM_026442778.1	2389	1970.92	2479	93.4734
XM_006561872.3	1497	1078.92	20	1.37759
XM_026442780.1	1837	1418.92	0	0
XM_392535.7	5228	4809.92	280	4.32614
XM_392534.7	1491	1072.92	1249	86.5118
XM_392533.7	2017	1598.92	1756	81.6164
XR_001704168.2	647	292.731	13	3.30032
XM_026442782.1	2784	2365.92	25	0.785272
XM_006561790.3	1194	775.92	0	0
XM_016914173.2	563	231.939	0	0
XM_006567351.3	2177	1758.92	133	5.61935
XM_006567350.3	1552	1133.92	1567	102.699
XM_001119871.5	3542	3123.92	180	4.28206
XR_003305334.1	3282	2863.92	0	0
XM_006561880.3	2125	1706.92	2	0.0870758
XM_003249925.4	1509	1090.92	0	0
XM_003249896.4	1069	650.92	0	0
XM_026442786.1	2368	1949.92	1058	40.3227
XM_001120510.5	2698	2279.92	12	0.391149
XM_001120555.5	1784	1365.92	0	0
XM_026442787.1	1345	926.92	0	0
XM_016913895.2	2148	1729.92	0	0
XM_394790.7	5444	5025.92	1140	16.8566
XM_026442788.1	2469	2050.92	1651	59.8245
XM_624795.6	1488	1069.92	181	12.5721
XM_026442792.1	730	354.929	92	19.2631
XM_026442793.1	4342	3923.92	89	1.68558
XM_006561732.3	1978	1559.92	99	4.71643
XM_623085.6	1287	868.92	447	38.2303
XM_623495.6	1374	955.92	504	39.1823
XM_006571957.3	1320	901.92	840	69.2136
XR_410901.3	645	291.13	0	0
XR_001706230.2	674	312.391	584	138.93
XM_006571986.3	1985	1566.92	297	14.0861
XM_392710.6	2901	2482.92	115	3.44204
XM_624593.6	3307	2888.92	0	0
XM_003249866.4	1937	1518.92	16	0.782826
XM_006561591.3	2514	2095.92	79	2.80113
XM_003249869.4	2337	1918.92	929	35.9782
XM_395903.7	3020	2601.92	192	5.48388
XM_623703.5	1464	1045.92	372	26.4317
XM_001123277.5	499	190.514	174	67.8739
XM_006561754.3	1931	1512.92	7	0.343845
XM_001122039.5	2739	2320.92	7	0.224139
XM_003249876.4	1868	1449.92	0	0
XM_016914186.2	876	471.686	0	0
XM_016914023.2	5115	4696.92	10.7948	0.170797
XR_003305339.1	953	538.6	0	0
XM_006561689.3	1388	969.92	19	1.45579
XM_006561697.3	789	399.325	0	0
XM_394767.7	1918	1499.92	191	9.46337
XM_394768.7	1626	1207.92	1631	100.345
XM_003249929.4	1481	1062.92	529	36.9858
XM_001121900.5	1936	1517.92	230	11.2605
XM_026442801.1	1875	1456.92	0	0
XM_026442802.1	1527	1108.92	0	0
XM_026442805.1	7074	6655.92	6867.78	76.6812
XM_016913943.2	9814	9395.92	1052.67	8.32595
XM_394780.6	2546	2127.92	455	15.8905
XM_625153.6	2069	1650.92	365	16.4304
XM_394778.7	1453	1034.92	767	55.0768
XM_006567461.3	1176	757.92	131	12.8448
XM_001121575.5	1684	1265.92	0	0
XR_001704197.2	1141	722.92	130	13.3639
XM_006567477.3	2672	2253.92	12358	407.465
XM_016913872.2	6094	5675.92	35	0.45826
XM_026442828.1	1403	984.92	0	0
XM_006567472.3	1578	1159.92	3	0.192209
XM_006561835.3	7345	6926.92	2	0.0214571
XM_016913876.2	1442	1023.92	0	0
XM_026442830.1	563	231.939	2	0.640821
XM_006567471.3	665	306.02	0	0
XM_016913878.2	869	465.546	83.5159	13.3318
XR_003305346.1	532	211.33	2	0.703314
XR_003305347.1	1348	929.92	0	0
XR_410907.3	1594	1175.92	1	0.0631979
XM_001122651.5	1763	1344.92	0	0
XM_016913859.2	1179	760.92	0	0
XM_001120059.5	1102	683.92	572	62.1543
XM_006561660.3	9634	9215.92	43	0.346745
XM_026442832.1	3847	3428.92	19	0.411791
XM_396217.7	5083	4664.92	3.00238	0.0478302
XM_396215.7	1671	1252.92	645	38.2575
XM_001122741.5	2422	2003.92	105	3.89394
XM_001122734.5	1250	831.92	2	0.178661
XM_001122103.5	1296	877.92	1434	121.388
XM_003249537.4	2785	2366.92	221	6.93888
XM_393499.7	1195	776.92	1619	154.864
XM_006561820.3	4964	4545.92	858.551	14.0354
XM_001120774.5	871	467.258	2	0.318093
XM_006561828.3	1647	1228.92	1	0.0604723
XM_394781.7	1579	1160.92	15	0.960217
XM_625178.6	682	317.884	268	62.6537
XM_392555.7	1289	870.92	72	6.14377
XM_006561589.3	3014	2595.92	251	7.1856
XM_394812.6	3868	3449.92	122	2.62804
XM_026442835.1	2495	2076.92	162	5.79663
XM_624307.6	699	330.571	96	21.5818
XM_394795.6	902	494.168	89	13.3843
XM_026442836.1	2942	2523.92	13	0.382779
XM_006561792.3	7505	7086.92	1252	13.1289
XM_006561776.3	1935	1516.92	1606	78.6798
XM_016913919.2	1349	930.92	59	4.70999
XM_006561773.3	1184	765.92	6	0.582168
XM_001122344.5	668	308.057	573	138.231
XM_006561774.3	682	317.884	254	59.3808
XM_026442838.1	2471	2052.92	1434	51.9108
XR_409188.3	598	256.687	2	0.579037
XM_392837.7	1259	840.92	805	71.1413
XM_026442839.1	1557	1138.92	1004	65.512
XM_006561873.3	1092	673.92	58	6.39588
XM_016914159.2	2740	2321.92	0	0
XR_003305349.1	734	358.011	12	2.49095
XM_394769.7	969	553.249	3116	418.56
XM_394952.7	1602	1183.92	1027	64.4657
XM_026442842.1	707	337.129	396	87.293
XM_026442843.1	2852	2433.92	3	0.0916
XR_003305350.1	1793	1374.92	13	0.702662
XM_394925.7	2448	2029.92	139	5.08881
XM_026442844.1	1887	1468.92	431	21.8052
XM_394964.7	1270	851.92	172	15.0041
XM_026442846.1	4728	4309.92	0	0
XM_006560768.3	2757	2338.92	14	0.444829
XM_016914190.2	2416	1997.92	103	3.83124
XM_001121969.5	1363	944.92	1057	83.1305
XR_001704200.2	2205	1786.92	3	0.124766
XR_003305353.1	921	510.636	3	0.436606
XR_003305354.1	910	501.155	12	1.77947
XR_409162.3	948	534.126	4	0.556541
XM_001122667.5	1089	670.92	0	0
XR_003305355.1	2956	2537.92	1	0.0292821
XM_006561595.3	952	537.695	603	83.3417
XM_006561654.3	774	388.788	177	33.833
XM_026442854.1	6101	5682.92	0	0
XM_026442855.1	2861	2442.92	0	0
XM_026442856.1	2016	1597.92	0	0
XM_624860.5	1778	1359.92	167	9.12606
XM_624594.6	1310	891.92	19	1.5831
XM_003249850.4	1467	1048.92	504	35.7083
XM_016914192.2	980	563.467	250	32.9725
XM_006558348.3	1446	1027.92	45	3.25337
XM_006567451.3	10488	10069.9	98	0.723237
XM_026442858.1	1702	1283.92	285	16.4963
XM_016913990.2	2068	1649.92	796	35.8534
XM_625067.6	2039	1620.92	646	29.6177
XM_006567448.3	2438	2019.92	46	1.6924
XM_006567446.3	1282	863.92	368	31.6559
XM_026442872.1	1894	1475.92	4	0.201408
XM_016917590.2	822	425.901	769	134.183
XM_003251817.4	1148	729.92	0	0
XR_409165.3	2170	1751.92	5	0.212098
XM_003249883.4	2126	1707.92	0	0
XM_003249905.4	1982	1563.92	3	0.142557
XM_624937.5	2923	2504.92	70	2.07675
XM_016914040.2	2572	2153.92	0	0
XM_016914041.2	1376	957.92	0	0
XM_006561758.3	2699	2280.92	0	0
XM_392880.7	4068	3649.92	442	8.99952
XM_006567335.3	6379	5960.92	270.182	3.36839
XM_006567336.3	1534	1115.92	1191	79.3157
XM_623229.6	1244	825.92	595	53.5377
XM_396702.6	8305	7886.92	3.93663	0.0370935
XM_026442878.1	2229	1810.92	1091.74	44.8024
XR_001704304.2	1644	1225.92	38	2.30357
XR_003305358.1	2436	2017.92	28	1.03118
XM_624701.6	2499	2080.92	3817	136.316
XM_026442882.1	8190	7771.92	384	3.67184
XM_006558358.3	4964	4545.92	851	13.912
XM_026442920.1	2876	2457.92	3537	106.942
XM_016914031.2	2111	1692.92	141	6.18961
XM_397014.7	1880	1461.92	42	2.13504
XM_625239.6	1860	1441.92	237	12.2148
XM_624605.6	1835	1416.92	1147	60.1587
XM_624408.6	2273	1854.92	1434	57.4519
XM_006558364.3	1588	1169.92	371	23.5667
XM_003249249.4	1634	1215.92	0	0
XM_006558166.3	1090	671.92	44	4.86649
XM_026442928.1	1104	685.92	3	0.325034
XM_006558365.3	546	220.392	542	182.761
XR_003305359.1	1478	1059.92	4	0.280458
XM_026442929.1	3429	3010.92	49	1.20942
XM_394832.5	1270	851.92	30	2.61699
XM_016913932.2	1481	1062.92	0	0
XM_001121697.5	999	580.92	2	0.255855
XM_006561877.3	4849	4430.92	0	0
XM_026442933.1	2651	2232.92	0	0
XM_026442934.1	2556	2137.92	0	0
XM_001122110.5	2289	1870.92	0	0
XR_409208.3	3176	2757.92	0	0
XR_001706255.2	2329	1910.92	14	0.54446
XM_006567404.3	8568	8149.92	204	1.86019
XM_006567400.3	2576	2157.92	9	0.309947
XM_026442937.1	2018	1599.92	573	26.6156
XM_625281.6	657	300.129	380	94.0927
XM_003250994.4	3283	2864.92	274	7.10753
XM_394976.7	3085	2666.92	155	4.31919
XM_001121463.5	4111	3692.92	42	0.845201
XM_625168.6	1306	887.92	108	9.03921
XM_395313.7	2907	2488.92	61	1.82137
XM_026442941.1	2105	1686.92	48	2.11459
XM_623765.6	1861	1442.92	209	10.7643
XM_026442943.1	1346	927.92	1	0.0800885
XM_026442944.1	619	272.264	608	165.956
XM_026442945.1	417	143.505	0	0
XM_026442946.1	1166	747.92	50	4.96816
XM_026442947.1	4749	4330.92	228	3.91233
XM_026442948.1	2945	2526.92	450	13.2343
XM_026442951.1	2205	1786.92	108	4.49158
XM_026442952.1	681	317.178	28.2575	6.62081
XM_026442953.1	606	262.694	13	3.67768
XM_026442954.1	1293	874.92	6	0.50964
XM_026442955.1	5346	4927.92	0	0
XM_026442956.1	1796	1377.92	350	18.8766
XM_026442957.1	646	291.924	21	5.34601
XM_394814.6	1081	662.92	2	0.224207
XM_026442958.1	338	114.843	0	0
XM_026442959.1	4562	4143.92	112	2.00857
XM_026442960.1	3082	2663.92	25	0.697428
XM_026442961.1	679	316.023	0	0
XM_026442962.1	1479	1060.92	0	0
XM_026442963.1	5467	5048.92	30	0.441574
XM_026442964.1	1130	711.92	0	0
XM_026442965.1	2931	2512.92	0	0
XM_026442967.1	576	241.041	1	0.308311
XM_016913877.2	804	411.364	15	2.70985
XM_016913861.2	2690	2271.92	1500	49.0658
XM_026442968.1	15182	14763.9	22	0.110739
XM_026442969.1	1260	841.92	8	0.706154
XM_392540.7	1385	966.92	1467	112.751
XM_026442972.1	700	331.371	744	166.855
XM_003249891.4	5576	5157.92	71	1.02297
XM_006561815.3	3371	2952.92	44	1.10734
XM_006561813.3	2409	1990.92	135	5.03919
XM_016914185.2	3140	2721.92	116	3.16711
XM_392520.7	6166	5747.92	2039	26.3625
XM_394963.7	4094	3675.92	152	3.07297
XM_006567433.3	2679	2260.92	6.24787	0.205365
XM_394773.7	2029	1610.92	768	35.4297
XM_003250985.4	2627	2208.92	61.5945	2.07225
XR_001704247.2	2103	1684.92	5	0.220532
XM_006559916.3	3662	3243.92	1379	31.5918
XR_003305360.1	1071	652.92	1	0.11382
XM_395013.7	2201	1782.92	329	13.7134
XM_001120061.5	6675	6256.92	150	1.7816
XR_001704231.2	3971	3552.92	397	8.30396
XM_026442990.1	6507	6088.92	120	1.46461
XM_001122705.5	3251	2832.92	2001	52.492
XM_006567363.3	6696	6277.92	3820.93	45.2307
XM_003251023.3	1622	1203.92	90	5.55553
XM_394765.7	1742	1323.92	32	1.79626
XM_394771.7	6153	5734.92	354	4.58729
XM_394772.6	1932	1513.92	0	0
XM_392518.7	1048	629.92	460	54.2691
XR_003305362.1	486	182.626	8	3.25543
XM_001120177.5	5273	4854.92	32	0.489833
XM_006560766.3	2346	1927.92	7	0.26983
XM_623318.5	1721	1302.92	264	15.058
XM_003249696.4	1525	1106.92	91	6.1095
XM_016914029.2	1147	728.92	2	0.203906
XR_003305364.1	255	76.0535	1	0.97715
XM_001120025.5	1787	1368.92	467	25.3524
XM_006561575.3	7510	7091.92	88	0.922145
XM_026443034.1	982	565.332	1055	138.685
XM_026443036.1	820	424.245	20	3.50343
XR_409149.2	586	248.052	1	0.299597
XR_003305365.1	326	108.944	37	25.2393
XM_001120178.5	2089	1670.92	250	11.119
XM_006561670.3	1468	1049.92	802	56.7673
XM_001120016.5	795	404.091	81	14.8966
XM_001120297.5	4226	3807.92	308	6.01095
XM_003249860.4	2194	1775.92	56	2.34339
XM_016914007.2	504	193.614	0	0
XM_006561672.3	893	486.224	26	3.97391
XR_001704245.2	255	76.0535	0	0
XM_026443041.1	5240	4821.92	672	10.3569
XM_624891.6	1758	1339.92	236	13.0892
XM_624905.6	520	203.712	4600	1678.11
XM_006561622.3	1885	1466.92	476	24.1146
XM_001120927.5	827	430.13	166	28.6806
XM_395619.7	2450	2031.92	190	6.94908
XM_395392.7	3842	3423.92	236	5.12234
XM_006561615.3	1466	1047.92	856	60.7052
XM_001121805.5	1164	745.92	278	27.697
XM_006561618.3	768	384.003	802	155.21
XM_396481.6	2229	1810.92	126	5.17073
XM_395391.7	2001	1582.92	264	12.3944
XM_001119951.5	3716	3297.92	1506	33.9364
XM_396412.7	2685	2266.92	407	13.3425
XM_006561605.2	5054	4635.92	256	4.10378
XM_393022.7	3894	3475.92	863.067	18.4525
XM_006567379.3	3273	2854.92	138	3.59224
XM_394770.7	1884	1465.92	2	0.101391
XR_003305368.1	1029	610.92	30	3.64937
XM_393296.7	3592	3173.92	1886	44.1597
XM_393297.7	1235	816.92	44	4.0027
XR_001704282.2	1156	737.92	1	0.10071
XR_003305369.1	1038	619.92	9	1.07892
XM_026443044.1	2801	2382.92	115	3.58648
XM_624841.6	2932	2513.92	598	17.6779
XM_624649.5	1177	758.92	137	13.4154
XM_016914073.2	909	500.346	1090	161.896
XR_407430.3	711	340.229	18	3.93171
XM_003249899.4	4373	3954.92	633	11.8945
XM_001121195.5	2071	1652.92	0	0
XM_006561860.3	1357	938.92	0	0
XM_016914084.2	1350	931.92	4	0.318979
XM_006561740.3	12544	12125.9	9	0.055158
XM_003249875.4	3917	3498.92	190	4.03552
XM_006561745.3	2346	1927.92	2745.76	105.841
XM_026443048.1	3154	2735.92	865	23.496
XM_623948.6	2132	1713.92	932	40.4116
XM_016917546.2	1753	1334.92	192	10.6887
XM_026443050.1	537	214.551	179	62.0015
XR_001706280.2	784	395.143	23	4.32568
XM_026443052.1	2886	2467.92	89	2.68003
XM_006567418.3	3012	2593.92	31	0.888148
XM_623492.6	2925	2506.92	958	28.3992
XM_026443053.1	1543	1124.92	357	23.5845
XM_001122362.4	1278	859.92	0	0
XM_623655.6	1573	1154.92	751	48.3246
XM_624890.5	867	463.713	2410	386.232
XM_624874.5	1696	1277.92	511	29.7165
XM_006567438.3	3952	3533.92	4.11099	0.086451
XM_001121422.5	3624	3205.92	808	18.7301
XM_006561726.3	2473	2054.92	724	26.1833
XM_396167.7	1163	744.92	2813	280.634
XM_395299.7	1146	727.92	3681	375.805
XR_409180.3	1775	1356.92	27	1.47873
XR_409177.3	1535	1116.92	0	0
XR_409172.3	1974	1555.92	60	2.86579
XM_006561632.3	2425	2006.92	24	0.888713
XM_001121493.5	1431	1012.92	0	0
XM_006561629.3	3037	2618.92	501	14.2166
XR_003305372.1	615	269.354	0	0
XM_392523.7	2423	2004.92	956	35.4357
XM_016914091.2	2674	2255.92	591	19.469
XM_623918.6	1000	581.92	1267	161.806
XM_392800.7	2996	2577.92	115	3.31519
XM_026443066.1	3686	3267.92	168	3.82048
XM_624033.5	2177	1758.92	510	21.5479
XM_395304.6	1555	1136.92	195	12.7463
XM_026443072.1	2910	2491.92	73	2.17705
XM_006561711.3	3126	2707.92	256	7.02562
XM_006561705.3	2567	2148.92	2688	92.9586
XM_006559902.3	5954	5535.92	93	1.24846
XR_003305373.1	2689	2270.92	0	0
XR_003305374.1	4321	3902.92	0	0
XR_003305375.1	1166	747.92	0	0
XM_003249858.4	1460	1041.92	2131	151.995
XR_003305376.1	1428	1009.92	5	0.367929
XM_395300.7	2057	1638.92	117	5.30528
XR_003305377.1	119	24.4922	491.732	1492.04
XR_003305378.1	91	17.524	0	0
XR_003305379.1	119	24.4922	1169.43	3548.35
XR_003305380.1	119	24.4922	29.9628	90.9149
XR_003305381.1	84	16.0863	0	0
XR_003305382.1	83	15.9861	0	0
